{
 "cells": [
  {
   "cell_type": "markdown",
   "id": "2c03c506",
   "metadata": {},
   "source": [
    "\n",
    "        # Run 6\n",
    "\n",
    "        ## Parameters\n",
    "        ```\n",
    "        {}\n",
    "        ```\n",
    "\n",
    "        ## Scores\n",
    "        ```\n",
    "        Train ROC-AUC: 0.5711069927666421\n",
    "        Validation ROC-AUC (Cross-Validation): 0.8919074074074074\n",
    "        Validation ROC-AUC: 0.5938868580054287\n",
    "        Test ROC-AUC: 0.4689193432353112\n",
    "        ```\n",
    "\n",
    "        ## Graphs\n",
    "        "
   ]
  },
  {
   "cell_type": "code",
   "execution_count": null,
   "id": "500a5fdc",
   "metadata": {},
   "outputs": [],
   "source": [
    "\n",
    "import matplotlib.pyplot as plt\n",
    "import seaborn as sns\n",
    "from sklearn.metrics import roc_curve, auc, classification_report\n",
    "import numpy as np\n",
    "\n",
    "def plot_roc_curve(y_true, y_score, class_names, title='ROC Curve'):\n",
    "    plt.figure()\n",
    "    for i, class_name in enumerate(class_names):\n",
    "        fpr, tpr, _ = roc_curve(y_true == i, y_score[:, i])\n",
    "        roc_auc = auc(fpr, tpr)\n",
    "        plt.plot(fpr, tpr, label=f'ROC curve of class {class_name} (area = {roc_auc:.2f})')\n",
    "    plt.plot([0, 1], [0, 1], 'k--')\n",
    "    plt.xlim([0.0, 1.0])\n",
    "    plt.ylim([0.0, 1.05])\n",
    "    plt.xlabel('False Positive Rate')\n",
    "    plt.ylabel('True Positive Rate')\n",
    "    plt.title(title)\n",
    "    plt.legend(loc=\"lower right\")\n",
    "    plt.show()\n",
    "\n",
    "def plot_class_distribution(labels, class_names, title='Class Distribution'):\n",
    "    plt.figure()\n",
    "    sns.countplot(labels)\n",
    "    plt.title(title)\n",
    "    plt.xlabel('Classes')\n",
    "    plt.ylabel('Counts')\n",
    "    plt.xticks(ticks=np.arange(len(class_names)), labels=class_names)\n",
    "    plt.show()\n",
    "\n",
    "# Classes\n",
    "class_names = ['NORMAL', 'BACTERIA', 'VIRUS']\n",
    "\n",
    "# Plot ROC curves\n",
    "plot_roc_curve(np.array([1, 1, 1, 1, 1, 1, 1, 1, 1, 1, 1, 1, 1, 1, 1, 1, 1, 1, 1, 1, 1, 1, 1, 1, 1, 1, 1, 1, 1, 1, 1, 1, 1, 1, 1, 1, 1, 1, 1, 1, 1, 1, 1, 1, 1, 1, 1, 1, 1, 1, 1, 1, 1, 1, 1, 1, 1, 1, 1, 1, 1, 1, 1, 1, 1, 1, 1, 1, 1, 1, 1, 1, 1, 1, 1, 1, 1, 1, 1, 1, 1, 1, 1, 1, 1, 1, 1, 1, 1, 1, 1, 1, 1, 1, 1, 1, 1, 1, 1, 1, 1, 1, 1, 1, 1, 1, 1, 1, 1, 1, 1, 1, 1, 1, 1, 1, 1, 1, 1, 1, 1, 1, 1, 1, 1, 1, 1, 1, 1, 1, 1, 1, 1, 1, 1, 1, 1, 1, 1, 1, 1, 1, 1, 1, 1, 1, 1, 1, 1, 1, 1, 1, 1, 1, 1, 1, 1, 1, 1, 1, 1, 1, 1, 1, 1, 1, 1, 1, 1, 1, 1, 1, 1, 1, 1, 1, 1, 1, 1, 1, 1, 1, 1, 1, 1, 1, 1, 1, 1, 1, 1, 1, 1, 1, 1, 1, 1, 1, 1, 1, 1, 1, 1, 1, 1, 1, 1, 1, 1, 1, 1, 1, 1, 1, 1, 1, 1, 1, 1, 1, 1, 1, 1, 1, 1, 1, 1, 1, 1, 1, 1, 1, 1, 1, 1, 1, 1, 1, 1, 1, 1, 1, 1, 1, 1, 1, 1, 1, 1, 1, 1, 1, 1, 1, 1, 1, 1, 1, 1, 1, 1, 1, 1, 1, 1, 1, 1, 1, 1, 1, 1, 1, 1, 1, 1, 1, 1, 1, 1, 1, 1, 1, 1, 1, 1, 1, 1, 1, 1, 1, 1, 1, 1, 1, 1, 1, 1, 1, 1, 1, 1, 1, 1, 1, 1, 1, 1, 1, 1, 1, 1, 1, 1, 1, 1, 1, 1, 1, 1, 1, 1, 1, 1, 1, 1, 1, 1, 1, 1, 1, 1, 1, 1, 1, 1, 1, 1, 1, 1, 1, 1, 1, 1, 1, 1, 1, 1, 1, 1, 1, 1, 1, 1, 1, 1, 1, 1, 1, 1, 1, 1, 1, 1, 1, 1, 1, 1, 1, 1, 1, 1, 1, 1, 1, 1, 1, 1, 1, 1, 1, 1, 1, 1, 1, 1, 1, 1, 1, 1, 1, 1, 1, 1, 1, 1, 1, 1, 1, 1, 1, 1, 1, 1, 1, 1, 1, 1, 1, 1, 1, 1, 1, 1, 1, 1, 1, 1, 1, 1, 1, 1, 1, 1, 1, 1, 1, 1, 1, 1, 1, 1, 1, 1, 1, 1, 1, 1, 1, 1, 1, 1, 1, 1, 1, 1, 1, 1, 1, 1, 1, 1, 1, 1, 1, 1, 1, 1, 1, 1, 1, 1, 1, 1, 1, 1, 1, 1, 1, 1, 1, 1, 1, 1, 1, 1, 1, 1, 1, 1, 1, 1, 1, 1, 1, 1, 1, 1, 1, 1, 1, 1, 1, 1, 1, 1, 1, 1, 1, 1, 1, 1, 1, 1, 1, 1, 1, 1, 1, 1, 1, 1, 1, 1, 1, 1, 1, 1, 1, 1, 1, 1, 1, 1, 1, 1, 1, 1, 1, 1, 1, 1, 1, 1, 1, 1, 1, 1, 1, 1, 1, 1, 1, 1, 1, 1, 1, 1, 1, 1, 1, 1, 1, 1, 1, 1, 1, 1, 1, 1, 1, 1, 1, 1, 1, 1, 1, 1, 1, 1, 1, 1, 1, 1, 1, 1, 1, 1, 1, 1, 1, 1, 1, 1, 1, 1, 1, 1, 1, 1, 1, 1, 1, 1, 1, 1, 1, 1, 1, 1, 1, 1, 1, 1, 1, 1, 1, 1, 1, 1, 1, 1, 1, 1, 1, 1, 1, 1, 1, 1, 1, 1, 1, 1, 1, 1, 1, 1, 1, 1, 1, 1, 1, 1, 1, 1, 1, 1, 1, 1, 1, 1, 1, 1, 1, 1, 1, 1, 1, 1, 1, 1, 1, 1, 1, 1, 1, 1, 1, 1, 1, 1, 1, 1, 1, 1, 1, 1, 1, 1, 1, 1, 1, 1, 1, 1, 1, 1, 1, 1, 1, 1, 1, 1, 1, 1, 1, 1, 1, 1, 1, 1, 1, 1, 1, 1, 1, 1, 1, 1, 1, 1, 1, 1, 1, 1, 1, 1, 1, 1, 1, 1, 1, 1, 1, 1, 1, 1, 1, 1, 1, 1, 1, 1, 1, 1, 1, 1, 1, 1, 1, 1, 1, 1, 1, 1, 1, 1, 1, 1, 1, 1, 1, 1, 1, 1, 1, 1, 1, 1, 1, 1, 1, 1, 1, 1, 1, 1, 1, 1, 1, 1, 1, 1, 1, 1, 1, 1, 1, 1, 1, 1, 1, 1, 1, 1, 1, 1, 1, 1, 1, 1, 1, 1, 1, 1, 1, 1, 1, 1, 1, 1, 1, 1, 1, 1, 1, 1, 1, 1, 1, 1, 1, 1, 1, 1, 1, 1, 1, 1, 1, 1, 1, 1, 1, 1, 1, 1, 1, 1, 1, 1, 1, 1, 1, 1, 1, 1, 1, 1, 1, 1, 1, 1, 1, 1, 1, 1, 1, 1, 1, 1, 1, 1, 1, 1, 1, 1, 1, 1, 1, 1, 1, 1, 1, 1, 1, 1, 1, 1, 1, 1, 1, 1, 1, 1, 1, 1, 1, 1, 1, 1, 1, 1, 1, 1, 1, 1, 1, 1, 1, 1, 1, 1, 1, 1, 1, 1, 1, 1, 1, 1, 1, 1, 1, 1, 1, 1, 1, 1, 1, 1, 1, 1, 1, 1, 1, 1, 1, 1, 1, 1, 1, 1, 1, 1, 1, 1, 1, 1, 1, 1, 1, 1, 1, 1, 1, 1, 1, 1, 1, 1, 1, 1, 1, 1, 1, 1, 1, 1, 1, 1, 1, 1, 1, 1, 1, 1, 1, 1, 1, 1, 1, 1, 1, 1, 1, 1, 1, 1, 1, 1, 1, 1, 1, 1, 1, 1, 1, 1, 1, 1, 1, 1, 1, 1, 1, 1, 1, 1, 1, 1, 1, 1, 1, 1, 1, 1, 1, 1, 1, 1, 1, 1, 1, 1, 1, 1, 1, 1, 1, 1, 1, 1, 1, 1, 1, 1, 1, 1, 1, 1, 1, 1, 1, 1, 1, 1, 1, 1, 1, 1, 1, 1, 1, 1, 1, 1, 1, 1, 1, 1, 1, 1, 1, 1, 1, 1, 1, 1, 1, 1, 1, 1, 1, 1, 1, 1, 1, 1, 1, 1, 1, 1, 1, 1, 1, 1, 1, 1, 1, 1, 1, 1, 1, 1, 1, 1, 1, 1, 1, 1, 1, 1, 1, 1, 1, 1, 1, 1, 1, 1, 1, 1, 1, 1, 1, 1, 1, 1, 1, 1, 1, 1, 1, 1, 1, 1, 1, 1, 1, 1, 1, 1, 1, 1, 1, 1, 1, 1, 1, 1, 1, 1, 1, 1, 1, 1, 1, 1, 1, 1, 1, 1, 1, 1, 1, 1, 1, 1, 1, 1, 1, 1, 1, 1, 1, 1, 1, 1, 1, 1, 1, 1, 1, 1, 1, 1, 1, 1, 1, 1, 1, 1, 1, 1, 1, 1, 1, 1, 1, 1, 1, 1, 1, 1, 1, 1, 1, 1, 1, 1, 1, 1, 1, 1, 1, 1, 1, 1, 1, 1, 1, 1, 1, 1, 1, 1, 1, 1, 1, 1, 1, 1, 1, 1, 1, 1, 1, 1, 1, 1, 1, 1, 1, 1, 1, 1, 1, 1, 1, 1, 1, 1, 1, 1, 1, 1, 1, 1, 1, 1, 1, 1, 1, 1, 1, 1, 1, 1, 1, 1, 1, 1, 1, 1, 1, 1, 1, 1, 1, 1, 1, 1, 1, 1, 1, 1, 1, 1, 1, 1, 1, 1, 1, 1, 1, 1, 1, 1, 1, 1, 1, 1, 1, 1, 1, 1, 1, 1, 1, 1, 1, 1, 1, 1, 1, 1, 1, 1, 1, 1, 1, 1, 1, 1, 1, 1, 1, 1, 1, 1, 1, 1, 1, 1, 1, 1, 1, 1, 1, 1, 1, 1, 1, 1, 1, 1, 1, 1, 1, 1, 1, 1, 1, 1, 1, 1, 1, 1, 1, 1, 1, 1, 1, 1, 1, 1, 1, 1, 1, 1, 1, 1, 1, 1, 1, 1, 1, 1, 1, 1, 0, 2, 0, 0, 0, 2, 0, 2, 0, 2, 0, 0, 2, 0, 2, 2, 2, 0, 2, 0, 0, 0, 2, 2, 0, 2, 0, 0, 2, 0, 2, 2, 2, 2, 0, 2, 2, 0, 2, 0, 2, 0, 2, 0, 2, 0, 0, 0, 2, 2, 2, 0, 0, 2, 0, 0, 2, 0, 2, 0, 2, 0, 0, 2, 0, 2, 0, 2, 0, 2, 2, 0, 2, 0, 2, 0, 2, 0, 2, 0, 2, 0, 2, 2, 0, 0, 2, 0, 2, 0, 0, 0, 0, 2, 0, 2, 0, 2, 0, 2, 2, 2, 2, 0, 2, 0, 2, 0, 2, 0, 2, 0, 2, 0, 2, 0, 2, 2, 2, 0, 2, 0, 0, 2, 0, 0, 2, 0, 0, 0, 0, 0, 2, 0, 2, 0, 2, 2, 0, 2, 0, 2, 0, 2, 0, 2, 0, 2, 0, 2, 0, 2, 0, 2, 0, 2, 0, 2, 2, 2, 2, 2, 0, 2, 0, 2, 0, 2, 2, 0, 2, 0, 2, 0, 2, 0, 2, 2, 0, 0, 2, 0, 0, 2, 0, 2, 2, 0, 2, 0, 2, 2, 0, 2, 0, 2, 2, 2, 2, 0, 2, 0, 2, 0, 2, 2, 0, 0, 2, 2, 0, 2, 2, 2, 2, 2, 2, 0, 2, 2, 0, 2, 0, 2, 2, 0, 2, 0, 0, 2, 2, 0, 2, 0, 2, 0, 2, 0, 0, 0, 2, 0, 2, 2, 0, 0, 2, 2, 2, 0, 2, 0, 0, 2, 2, 0, 2, 2, 2, 0, 0, 2, 2, 2, 0, 2, 2, 2, 0, 2, 2, 2, 0, 2, 2, 2, 0, 2, 0, 2, 0, 2, 2, 0, 2, 0, 2, 2, 2, 2, 2, 0, 2, 2, 2, 2, 2, 0, 2, 2, 0, 2, 2, 2, 0, 2, 2, 2, 2, 2, 0, 2, 0, 0, 0, 2, 2, 2, 2, 0, 2, 2, 0, 0, 2, 2, 2, 0, 2, 0, 0, 2, 2, 2, 0, 2, 2, 2, 2, 0, 2, 0, 2, 2, 0, 2, 2, 2, 2, 2, 2, 2, 2, 2, 0, 2, 2, 0, 2, 0, 2, 0, 0, 0, 2, 2, 0, 2, 0, 2, 2, 2, 2, 0, 2, 0, 0, 0, 0, 2, 0, 0, 2, 0, 2, 0, 0, 0, 2, 0, 0, 0, 0, 0, 2, 0, 0, 0, 2, 0, 2, 0, 2, 2, 0, 2, 0, 0, 2, 0, 2, 0, 2, 0, 2, 0, 0, 2, 0, 2, 0, 2, 2, 0, 2, 2, 0, 2, 0, 2, 2, 2, 0, 2, 0, 2, 2, 0, 2, 0, 0, 2, 0, 2, 0, 2, 0, 2, 0, 2, 0, 2, 2, 0, 0, 2, 0, 2, 2, 0, 2, 0, 2, 0, 0, 2, 0, 2, 0, 2, 2, 2, 2, 2, 2, 2, 2, 2, 2, 2, 2, 2, 2, 2, 2, 2, 0, 0, 0, 2, 0, 2, 2, 2, 0, 0, 0, 2, 0, 2, 2, 0, 2, 0, 2, 2, 2, 0, 0, 0, 2, 0, 2, 0, 0, 2, 0, 2, 0, 0, 2, 0, 2, 2, 0, 2, 0, 2, 0, 2, 0, 0, 2, 0, 0, 2, 0, 0, 2, 0, 2, 0, 0, 0, 2, 0, 0, 2, 0, 2, 2, 0, 2, 0, 2, 0, 2, 0, 2, 0, 2, 2, 2, 0, 2, 2, 0, 2, 2, 0, 2, 2, 0, 0, 2, 2, 0, 0, 0, 0, 2, 2, 0, 0, 2, 0, 0, 0, 0, 0, 0, 0, 2, 0, 2, 0, 0, 0, 0, 0, 0, 0, 2, 2, 0, 2, 2, 0, 0, 0, 0, 0, 0, 2, 0, 2, 2, 0, 0, 0, 0, 0, 0, 2, 0, 2, 2, 2, 2, 0, 2, 0, 2, 0, 2, 0, 0, 2, 2, 2, 0, 0, 0, 0, 0, 0, 0, 0, 0, 0, 0, 0, 0, 2, 0, 0, 2, 0, 0, 0, 0, 2, 2, 2, 2, 0, 2, 0, 0, 0, 0, 2, 2, 2, 0, 2, 0, 2, 2, 0, 0, 0, 0, 2, 2, 2, 0, 0, 0, 2, 0, 0, 2, 0, 2, 2, 0, 2, 0, 2, 0, 0, 0, 0, 0, 0, 0, 0, 0, 2, 2, 0, 2, 2, 0, 0, 0, 0, 0, 0, 2, 0, 2, 2, 2, 2, 0, 0, 0, 0, 0, 2, 2, 0, 2, 0, 0, 0, 0, 0, 2, 0, 0, 0, 2, 2, 2, 0, 0, 2, 2, 2, 2, 2, 0, 0, 2, 2, 2, 0, 0, 2, 0, 2, 0, 2, 2, 2, 2, 2, 2, 2, 2, 2, 0, 0, 0, 0, 0, 0, 0, 0, 2, 0, 0, 2, 0, 2, 0, 2, 0, 0, 2, 0, 0, 0, 2, 0, 2, 0, 0, 2, 2, 0, 0, 2, 2, 0, 0, 0, 0, 0, 2, 2, 0, 2, 0, 2, 2, 0, 2, 0, 2, 2, 0, 0, 0, 0, 0, 0, 0, 2, 0, 0, 2, 0, 0, 0, 0, 0, 0, 2, 0, 0, 2, 2, 0, 0, 2, 0, 0, 2, 2, 2, 0, 0, 0, 0, 0, 0, 0, 0, 0, 0, 0, 2, 0, 0, 0, 0, 0, 2, 2, 0, 0, 2, 0, 2, 2, 0, 0, 0, 0, 0, 0, 2, 0, 2, 0, 2, 0, 2, 0, 0, 2, 2, 0, 0, 2, 2, 2, 0, 0, 0, 2, 2, 0, 0, 0, 0, 0, 2, 0, 0, 0, 0, 0, 2, 0, 0, 0, 0, 0, 2, 0, 2, 2, 0, 0, 2, 2, 0, 0, 0, 0, 0, 0, 0, 0, 2, 0, 0, 0, 0, 2, 2, 0, 2, 2, 2, 2, 0, 0, 0, 2, 0, 0, 0, 0, 0, 0, 2, 0, 2, 2, 2, 2, 2, 2, 2, 2, 2, 2, 0, 0, 2, 2, 2, 0, 0, 2, 2, 2, 2, 0, 0, 0, 2, 2, 2, 2, 2, 2, 2, 2, 2, 0, 2, 2, 0, 0, 2, 2, 0, 0, 0, 2, 0, 0, 2, 0, 2, 2, 0, 2, 2, 2, 0, 0, 2, 2, 0, 2, 0, 0, 2, 0, 0, 0, 0, 0, 0, 0, 2, 0, 0, 2, 2, 2, 2, 2, 0, 2, 0, 2, 2, 0, 0, 0, 0, 2, 0, 2, 2, 2, 2, 2, 0, 2, 2, 0, 2, 0, 0, 2, 0, 2, 0, 0, 0, 0, 0, 0, 2, 2, 0, 0, 0, 0, 0, 0, 0, 2, 2, 0, 2, 0, 2, 2, 0, 0, 2, 2, 0, 0, 0, 0, 0, 0, 0, 2, 2, 0, 2, 2, 0, 2, 0, 0, 0, 0, 0, 0, 0, 0, 0, 0, 2, 2, 2, 0, 0, 2, 0, 2, 0, 2, 2, 0, 2, 0, 2, 0, 2, 2, 2, 0, 2, 2, 0, 2, 0, 0, 0, 0, 2, 0, 2, 0, 2, 0, 0, 0, 2, 0, 0, 2, 2, 2, 0, 2, 0, 2, 2, 2, 0, 0, 0, 2, 0, 2, 0, 0, 2, 0, 0, 2, 2, 2, 0, 2, 2, 0, 2, 2, 0, 0, 0, 0, 2, 0, 0, 0, 0, 2, 2, 0, 2, 0, 2, 2, 2, 0, 2, 0, 0, 2, 0, 0, 2, 0, 0, 0, 0, 0, 2, 0, 0, 0, 0, 2, 0, 0, 0, 0, 0, 0, 0, 2, 0, 0, 0, 2, 2, 2, 0, 0, 2, 0, 0, 0, 0, 0, 0, 0, 0, 0, 0, 2, 2, 0, 2, 2, 0, 2, 0, 0, 0, 0, 0, 0, 0, 0, 0, 0, 0, 2, 0, 0, 2, 2, 0, 0, 0, 2, 0, 2, 0, 2, 2, 0, 2, 0, 2, 0, 0, 0, 0, 0, 0, 0, 0, 0, 0, 0, 0, 0, 0, 2, 2, 0, 0, 2, 0, 0, 0, 2, 2, 2, 0, 0, 2, 0, 0, 0, 0, 2, 2, 2, 0, 0, 0, 0, 0, 0, 0, 0, 0, 0, 0, 0, 0, 0, 0, 0, 0, 0, 2, 0, 0, 0, 0, 0, 0, 0, 0, 0, 0, 2, 2, 2, 2, 0, 0, 0, 0, 0, 0, 0, 0, 0, 0, 0, 0, 0, 0, 0, 0, 0, 0, 0, 0, 0, 0, 0, 0, 0, 0, 0, 0, 0, 0, 0, 0, 0, 0, 0, 0, 0, 0, 0, 0, 0, 0, 0, 0, 0, 0, 0, 0, 0, 0, 0, 0, 0, 0, 0, 0, 0, 0, 0, 0, 0, 0, 0, 0, 0, 0, 0, 0, 0, 0, 0, 0, 0, 0, 0, 0, 0, 0, 0, 0, 0, 0, 0, 0, 0, 0, 0, 0, 0, 0, 0, 0, 0, 0, 0, 0, 0, 0, 0, 0, 0, 0, 0, 0, 0, 0, 0, 0, 0, 0, 0, 0, 0, 0, 0, 0, 0, 0, 0, 0, 0, 0, 0, 0, 0, 0, 0, 0, 0, 0, 0, 0, 0, 0, 0, 0, 0, 0, 0, 0, 0, 0, 0, 0, 0, 0, 0, 0, 0, 0, 0, 0, 0, 0, 0, 0, 0, 0, 0, 0, 0, 0, 0, 0, 0, 0, 0, 0, 0, 0, 0, 0, 0, 0, 0, 0, 0, 0, 0, 0, 0, 0, 0, 0, 0, 0, 0, 0, 0, 0, 0, 0, 0, 0, 0, 0, 0, 0, 0, 0, 0, 0, 0, 0, 0, 0, 0, 0, 0, 0, 0, 0, 0, 0, 0, 0, 0, 0, 0, 0, 0, 0, 0, 0, 0, 0, 0, 0, 0, 0, 0, 0, 0, 0, 0, 0, 0, 0, 0, 0, 0, 0, 0, 0, 0, 0, 0, 0, 0, 0, 0, 0, 0, 0, 0, 0, 0, 0, 0, 0, 0, 0, 0, 0, 0, 0, 0, 0, 0, 0, 0, 0, 0, 0, 0, 0, 0, 0, 0, 0, 0, 0, 0, 0, 0, 0, 0, 0, 0, 0, 0, 0, 0, 0, 0, 0, 0, 0, 0, 0, 0, 0, 0, 0, 0, 0, 0, 0, 0, 0, 0, 0, 0, 0, 0, 0, 0, 0, 0, 0, 0, 0, 0, 0, 0, 0, 0, 0, 0, 0, 0, 0, 0, 0, 2, 0, 2, 0, 0, 0, 0, 0, 0, 0, 0, 2, 0, 0, 0, 0, 0, 0, 0, 0, 0, 0, 2, 0, 0, 0, 2, 0, 0, 0, 0, 0, 0, 0, 0, 0, 0, 0, 0, 2, 0, 2, 0, 2, 2, 0, 2, 0, 0, 0, 0, 0, 0, 0, 2, 0, 0, 2, 0, 0, 0, 0, 0, 0, 0, 0, 0, 0, 0, 2, 0, 0, 0, 0, 2, 2, 2, 0, 0, 0, 0, 0, 0, 0, 0, 0, 0, 0, 2, 2, 2, 2, 2, 0, 0, 0, 2, 0, 0, 0, 2, 0, 0, 0, 0, 0, 2, 0, 0, 0, 0, 0, 0, 0, 0, 2, 0, 0, 0, 0, 2, 2, 2, 2, 0, 0, 2, 0, 0, 0, 0, 0, 0, 0, 0, 2, 0, 0, 0, 0, 0, 0, 0, 0, 0, 0, 0, 2, 2, 2, 2, 0, 0, 2, 2, 2, 0, 0, 0, 0, 0, 2, 0, 0, 0, 2, 0, 2, 2, 2, 2, 2, 0, 2, 2, 0, 0, 0, 0, 0, 0, 0, 0, 2, 2, 2, 0, 0, 2, 0, 0, 0, 0, 0, 0, 0, 2, 0, 0, 2, 0, 0, 0, 0, 0, 0, 2, 2, 0, 0, 0, 0, 0, 2, 0, 0, 0, 0, 0, 0, 2, 0, 0, 0, 0, 2, 0, 2, 0, 2, 2, 0, 0, 0, 2, 0, 0, 2, 0, 0, 2, 0, 0, 2, 0, 0, 2, 2, 0, 0, 0, 0, 0, 0, 0, 0, 0, 0, 0, 0, 0, 0, 0, 0, 2, 0, 0, 2, 0, 0, 0, 2, 0, 0, 0, 0, 2, 0, 0, 2, 0, 0, 0, 0, 0, 0, 0, 2, 0, 0, 2, 0, 2, 0, 0, 0, 0, 0, 0, 2, 2, 0, 0, 0, 0, 0, 2, 0, 0, 0, 0, 0, 0, 0, 2, 0, 2, 2, 2, 0, 0, 0, 0, 0, 2, 2, 2, 2, 2, 0, 0, 0, 0, 0, 2, 2, 2, 2, 2, 2, 2, 0, 0, 2, 0, 0, 0, 0, 0, 0, 2, 2, 0, 0, 2, 0, 0, 0, 0, 0, 2, 0, 0, 0, 0, 0, 0, 0, 2, 0, 0, 2, 0, 0, 0, 0, 2, 2, 0, 0, 0, 0, 0, 0, 0, 0, 0, 0, 0, 0, 0, 0, 0, 0, 0, 0, 2, 0, 0, 0, 2, 0, 0, 0, 0, 0, 0, 2, 0, 2, 2, 2, 0, 0, 2, 0, 2, 0, 2, 2, 0, 0, 0, 0, 0, 0, 0, 0, 2, 2, 2, 2, 2, 2, 2, 2, 2, 0, 0, 0, 2, 0, 2, 0, 0, 0, 0, 0, 0, 0, 2, 0, 0, 0, 2, 0, 0, 0, 0, 2, 0, 2, 2, 0, 2, 0, 0, 2, 2, 2, 2, 0, 0, 0, 0, 0, 2, 0, 0, 0, 0, 2, 0, 2, 0, 2, 0, 0, 0, 2, 0, 0, 0, 0, 0, 2, 2, 0, 2, 0, 2, 0, 0, 0, 0, 0, 2, 0, 2, 0, 0, 0, 0, 0, 0, 0, 0, 0, 0, 2, 2, 0, 0, 0, 0, 0, 0, 0, 0, 0, 2, 0, 0, 0, 2, 0, 0, 0, 2, 0, 0, 0, 2, 0, 2, 0, 0, 2, 0, 0, 2, 2, 0, 0, 2, 0, 0, 0, 0, 2, 0, 0, 0, 0, 0, 0, 0, 0, 0, 0, 0, 0, 0, 0, 0, 0, 0, 0, 2, 0, 2, 0, 0, 2, 2, 0, 0, 0, 2, 2, 2, 0, 0, 2, 0, 0, 0, 0, 0, 0, 0, 0, 0, 2, 0, 0, 0, 0, 0, 2, 0, 2, 0, 0, 2, 0, 0, 2, 0, 2, 0, 2, 0, 0, 0, 0, 0, 2, 0, 0, 0, 0, 0, 0, 0, 2, 0, 2, 2, 2, 0, 0, 0, 0, 0, 2, 2, 0, 2, 0, 2, 0, 0, 0, 0, 2, 2, 2, 0, 2, 0, 2, 2, 2, 0, 0, 0, 0, 0, 2, 0, 0, 0, 0, 0, 0, 0, 0, 0, 2, 0, 2, 0, 0, 0, 2, 0, 2, 0, 0, 2, 0, 2, 0, 0, 2, 2, 2, 2, 0, 0, 0, 0, 0, 0, 0, 0, 0, 0, 0, 0, 2, 0, 2, 2, 0, 0, 0, 0, 0, 2, 0, 0, 2, 0, 0, 0, 2, 0, 0, 0, 0, 0, 2, 0, 2, 0, 2, 0, 2, 0, 2, 2, 0, 0, 0, 2, 0, 2, 2, 0, 2, 0, 2, 0, 0, 0, 0, 0, 2, 0, 0, 0, 0, 0, 2, 0, 2, 2, 0, 0, 0, 0, 2, 0, 0, 0, 0, 0, 0, 0, 0, 0, 0, 0, 0, 0, 0, 2, 2, 2, 2, 2, 2, 2, 2, 2, 2, 2, 2, 2, 0, 0, 0, 2, 0, 2, 0, 0, 0, 2, 2, 2, 2, 2, 2, 2, 2, 0, 2, 0, 2, 2, 0, 0, 0, 0, 0, 2, 0, 0, 0, 0, 0, 0, 2, 0, 2, 0, 2, 2, 0, 2, 0, 0, 2, 0, 2, 0, 0, 0, 0, 0, 0, 2, 0, 0, 2, 0, 0, 0, 0, 2, 0, 2, 2, 0, 0, 0, 0, 2, 0, 2, 2, 0, 0, 2, 2, 0, 0, 0, 0, 0, 0, 2, 0, 0, 0, 0, 2, 0, 0, 2, 0, 0, 2, 0, 0, 0, 0, 2, 0, 0, 0, 0, 0, 0, 0, 0, 0, 2, 0, 0, 0, 2, 2, 0, 0, 0, 0, 0, 2, 0, 2, 0, 0, 0, 0, 0, 0, 2, 0, 2, 0, 0, 0, 0, 0, 0, 2, 2, 0, 0, 0, 0, 2, 2, 0, 0, 2, 0, 0, 0, 2, 0, 2, 2, 0, 2, 0, 0, 0, 0, 2, 0, 0, 0, 0, 0, 0, 2, 0, 0, 2, 0, 0, 0, 0, 0, 2, 2, 0, 0, 0, 0, 0, 0, 0, 2, 0, 0, 0, 0, 0, 0, 2, 0, 0, 0, 2, 0, 0, 2, 0, 0, 0, 2, 0, 2, 0, 2, 2, 0, 0, 0, 2, 0, 0, 2, 0, 0, 0, 0, 0, 0, 0, 0, 0, 0, 0, 2, 0, 0, 0, 0, 0, 2, 0, 0, 0, 0, 0, 0, 0, 2, 2, 0, 0, 2, 0, 0, 0, 0, 0, 0, 2, 0, 0, 2, 0, 0, 0, 2, 0, 0, 0, 2, 2, 0, 0, 2, 2, 0, 0, 0, 0, 0, 2, 0, 0, 2, 0, 0, 2, 2, 0, 2, 0, 0, 0, 0, 0, 0, 2, 0, 0, 2, 0, 2, 2, 0, 0, 0, 0, 2, 2, 0, 0, 0, 0, 0, 0, 0, 0, 0, 0, 0, 0, 0, 2, 2, 0, 0, 2, 2, 2, 0, 0, 0, 0, 2, 0, 0, 0, 2, 0, 2, 0, 0, 0, 2, 0, 0, 0, 0, 2, 0, 0, 0, 0, 0, 0, 0, 0, 2, 2, 0, 0, 2, 0, 0, 0, 0, 2, 0, 0, 2, 0, 0, 0, 0, 2, 2, 0, 0, 0, 0, 0, 0, 2, 0, 2, 0, 0, 2, 0, 0, 0, 0, 0, 0, 0, 2, 0, 0, 2, 0, 2, 0, 0, 0, 0, 0, 0, 2, 0, 2, 2, 2, 2, 2, 2, 0, 0, 0, 0, 2, 2, 0, 0, 0, 2, 0, 0, 0, 0, 0, 0, 2, 0, 0, 0, 0, 0, 2, 0, 0, 0, 0, 2, 0, 0, 2, 0, 0, 2, 0, 0, 2, 0, 0, 0, 0, 2, 0, 0, 2, 0, 2, 0, 2, 0, 2, 0, 0, 0, 0, 0, 0, 0, 0, 0, 0, 2, 0, 0, 0, 0, 0, 0, 0, 0, 2, 0, 0, 0, 0, 0, 0, 2, 0, 2, 0, 2, 0, 0, 0, 2, 0, 0, 0, 0, 0, 0, 2, 0, 0, 0, 0, 2, 0, 2, 0, 0, 2, 0, 0, 0, 0, 2, 0, 2, 0, 0, 2, 0, 2, 0, 2, 0, 0, 0, 0, 0, 2, 0, 0, 0, 0, 0, 0, 0, 0, 0, 0, 0, 2, 0, 0, 0, 0, 0, 0, 2, 2, 0, 0, 0, 0, 0, 0, 2, 0, 0, 0, 2, 0, 0, 0, 2, 2, 0, 0, 0, 0, 0, 0, 0, 0, 0, 0, 2, 0, 2, 0, 0, 2, 0, 2, 0, 2, 0, 2, 0, 0, 0, 0, 0, 0, 0, 0, 2, 0, 0, 2, 0, 0, 2, 2, 2, 0, 2, 0, 0, 0, 0, 0, 0, 0, 0, 0, 0, 0, 0, 0, 2, 0, 0, 0, 2, 0, 0, 2, 0, 0, 0, 0, 0, 2, 2, 0, 0, 2, 0, 0, 0, 2, 0, 2, 0, 0, 0, 0, 2, 0, 0, 0, 2, 0, 2, 0, 0, 0, 2, 2, 0, 2, 0, 2, 0, 2, 0, 0, 2, 0, 0, 0, 0, 0, 0, 0, 0, 0, 0, 0, 2, 2, 2, 2, 0, 2, 0, 0, 2, 0, 2, 0, 0, 2, 0, 2, 2, 0, 2, 0, 0, 0, 0, 0, 2, 0, 0, 0, 0, 0, 0, 0, 0, 0, 0, 0, 2, 0, 0, 2, 0, 2, 0, 0, 0, 2, 0, 0, 2, 2, 0, 0, 2, 0, 2, 2, 0, 0, 2, 0, 2, 0, 2, 0, 2, 2, 0, 2, 0, 2, 0, 0, 0, 0, 0, 0, 0, 0, 2, 0, 0, 2, 0, 2, 0, 0, 0, 2, 0, 2, 0, 2, 0, 2, 0, 0, 2, 0, 2, 0, 2, 0, 2, 2, 2, 0, 2, 0, 2, 2, 2, 0, 0, 2, 0, 0, 0, 0, 0, 2, 2, 0, 2, 0, 2, 0, 2, 0, 0, 0, 2, 0, 2, 0, 0, 0, 0, 0, 0, 0, 0, 0, 2, 2, 0, 0, 2, 0, 0, 0, 2, 2, 0, 0, 0, 0, 0, 0, 0, 0, 2, 0, 0, 2, 0, 2, 0, 0, 0, 0, 2, 0, 2, 0, 2, 0, 2, 2, 2, 2, 0, 2, 0, 0, 0, 0, 0, 0, 0, 0, 2, 0, 2, 0, 2, 0, 0, 0, 2, 0, 0, 2, 0, 2, 0, 0, 0, 0, 0, 0, 2, 0, 2, 2, 0, 2, 0, 2, 2, 0, 0, 0, 2, 0, 0, 0, 0, 0, 2, 0, 2, 0, 2, 0, 0, 2, 0, 2, 0, 2, 0, 0, 2, 0, 2, 0, 0, 0, 0, 0, 0, 0, 2, 2, 0, 2, 2, 0, 2, 0, 2, 0, 2, 0, 2, 0, 2, 2, 2, 0, 2, 0, 0, 0, 0, 0, 2, 0, 2, 2, 0, 2, 2, 0, 0, 2, 0, 0, 2, 0, 0, 0, 0, 0, 0, 0, 2, 0, 2, 2, 0, 2, 0, 2, 0, 2, 0, 0, 0, 2, 0, 0, 0, 0, 0, 2, 0, 2, 2, 2, 0, 2, 0, 2, 0, 2, 0, 2, 0, 2, 2, 0, 0, 0, 0, 0, 2, 2, 0, 0, 2, 0, 0, 0, 2, 0, 2, 2, 2, 2, 0, 2, 0, 2, 2, 2, 0, 2, 0, 0, 0, 0, 0, 2, 0, 0, 2, 0, 0, 2, 2, 2, 0, 2, 0, 0, 2, 0, 2, 2, 0, 2, 0, 0, 2, 0, 0, 0, 0, 0, 0, 2, 2, 2, 0, 2, 2, 0, 0, 2, 0, 0, 2, 2, 0, 2, 0, 0, 2, 2, 0, 0, 0, 0, 2, 0, 2, 0, 0, 2, 2, 0, 2, 0, 0, 0, 0, 2, 0, 2, 0, 2, 2, 2, 0, 2, 0, 2, 0, 2, 0, 2, 2, 0, 2, 2, 0, 0, 2, 0, 0, 2, 0, 2, 2, 2, 0, 2, 0, 2, 2, 0, 2, 0, 2, 2, 2, 2, 0, 2, 0, 2, 0, 0, 0, 0, 0, 0, 2, 0, 2, 2, 0, 2, 0, 2, 0, 0, 2, 0, 2, 0, 0, 2, 0, 0, 2, 0, 2, 2, 2, 2, 2, 2, 0, 2, 2, 0, 0, 0, 2, 0, 2, 0, 2, 0, 0, 2, 2, 2, 0, 2, 2, 0, 0, 0, 0, 2, 0, 2, 0, 2, 2, 0, 2, 2, 2, 0, 2, 0, 0, 2, 0, 2, 2, 0, 0, 0, 2, 0, 2, 0, 2, 0, 2, 0, 0, 0, 2, 0, 2, 2, 0, 2, 2, 0, 2, 2, 2, 0, 0, 2, 2, 0, 2, 0, 2, 2, 0, 2, 0, 2, 0, 2, 0, 2, 0, 2, 2, 2, 2, 2, 2, 0, 2, 0, 0, 0, 2, 0, 0, 2, 0, 2, 2, 2, 0, 2, 0, 2, 0, 0, 2, 0, 2, 0, 2, 0, 2, 0, 2, 0, 2, 0, 2, 0, 2, 0, 2, 0, 2, 0, 2, 0, 2, 0, 2, 0, 2, 0, 2, 0, 2, 2, 2, 0, 2, 0, 0, 2, 2, 0, 2, 2, 0, 2, 0, 2, 0, 2, 0, 2, 2, 2, 0, 2, 0, 0, 2, 0, 2, 0, 2, 0, 0, 0, 0, 0, 2, 2, 2, 0, 0, 2, 0, 0, 2, 0, 2, 0, 2, 0, 2, 0, 2, 0, 2, 0, 0, 2, 0, 0, 0, 0, 1, 1, 1, 1, 1, 1, 1, 1, 1, 1, 1, 1, 1, 1, 1, 1, 1, 1, 1, 1, 1, 1, 1, 1, 1, 1, 1, 1, 1, 1, 1, 1, 1, 1, 1, 1, 1, 1, 1, 1, 1, 1, 1, 1, 1, 1, 1, 1, 1, 1, 1, 1, 1, 1, 1, 1, 1, 1, 1, 1, 1, 1, 1, 1, 1, 1, 1, 1, 1, 1, 1, 1, 1, 1, 1, 1, 1, 1, 1, 1, 1, 1, 1, 1, 1, 1, 1, 1, 1, 1, 1, 1, 1, 1, 1, 1, 1, 1, 1, 1, 1, 1, 1, 1, 1, 1, 1, 1, 1, 1, 1, 1, 1, 1, 1, 1, 1, 1, 1, 1, 1, 1, 1, 1, 1, 1, 1, 1, 1, 1, 1, 1, 1, 1, 1, 1, 1, 1, 1, 1, 1, 1, 1, 1, 1, 1, 1, 1, 1, 1, 1, 1, 1, 1, 1, 1, 1, 1, 1, 1, 1, 1, 1, 1, 1, 1, 1, 1, 1, 1, 1, 1, 1, 1, 1, 1, 1, 1, 1, 1, 1, 1, 1, 1, 1, 1, 1, 1, 1, 1, 1, 1, 1, 1, 1, 1, 1, 1, 1, 1, 1, 1, 1, 1, 1, 1, 1, 1, 1, 1, 1, 1, 1, 1, 1, 1, 1, 1, 1, 1, 1, 1, 1, 1, 1, 1, 1, 1, 1, 1, 1, 1, 1, 1, 1, 1, 1, 1, 1, 1, 1, 1, 1, 1, 1, 1, 1, 1, 1, 1, 1, 1, 1, 1, 1, 1, 1, 1, 1, 1, 1, 1, 1, 1, 1, 1, 1, 1, 1, 1, 1, 1, 1, 1, 1, 1, 1, 1, 1, 1, 1, 1, 1, 1, 1, 1, 1, 1, 1, 1, 1, 1, 1, 1, 1, 1, 1, 1, 1, 1, 1, 1, 1, 1, 1, 1, 1, 1, 1, 1, 1, 1, 1, 1, 1, 1, 1, 1, 1, 1, 1, 1, 1, 1, 1, 1, 1, 1, 1, 1, 1, 1, 1, 1, 1, 1, 1, 1, 1, 1, 1, 1, 1, 1, 1, 1, 1, 1, 1, 1, 1, 1, 1, 1, 1, 1, 1, 1, 1, 1, 1, 1, 1, 1, 1, 1, 1, 1, 1, 1, 1, 1, 1, 1, 1, 1, 1, 1, 1, 1, 1, 1, 1, 1, 1, 1, 1, 1, 1, 1, 1, 1, 1, 1, 1, 1, 1, 1, 1, 1, 1, 1, 1, 1, 1, 1, 1, 1, 1, 1, 1, 1, 1, 1, 1, 1, 1, 1, 1, 1, 1, 1, 1, 1, 1, 1, 1, 1, 1, 1, 1, 1, 1, 1, 1, 1, 1, 1, 1, 1, 1, 1, 1, 1, 1, 1, 1, 1, 1, 1, 1, 1, 1, 1, 1, 1, 1, 1, 1, 1, 1, 1, 1, 1, 1, 1, 1, 1, 1, 1, 1, 1, 1, 1, 1, 1, 1, 1, 1, 1, 1, 1, 1, 1, 1, 1, 1, 1, 1, 1, 1, 1, 1, 1, 1, 1, 1, 1, 1, 1, 1, 1, 1, 1, 1, 1, 1, 1, 1, 1, 1, 1, 1, 1, 1, 1, 1, 1, 1, 1, 1, 1, 1, 1, 1, 1, 1, 1, 1, 1, 1, 1, 1, 1, 1, 1, 1, 1, 1, 1, 1, 1, 1, 1, 1, 1, 1, 1, 1, 1, 1, 1, 1, 1, 1, 1, 1, 1, 1, 1, 1, 1, 1, 1, 1, 1, 1, 1, 1, 1, 1, 1, 1, 1, 1, 1, 1, 1, 1, 1, 1, 1, 1, 1, 1, 1, 1, 1, 1, 1, 1, 1, 1, 1, 1, 1, 1, 1, 1, 1, 1, 1, 1, 1, 1, 1, 1, 1, 1, 1, 1, 1, 1, 1, 1, 1, 1, 1, 1, 1, 1, 1, 1, 1, 1, 1, 1, 1, 1, 1, 1, 1, 1, 1, 1, 1, 1, 1, 1, 1, 1, 1, 1, 1, 1, 1, 1, 1, 1, 1, 1, 1, 1, 1, 1, 1, 1, 1, 1, 1, 1, 1, 1, 1, 1, 1, 1, 1, 1, 1, 1, 1, 1, 1, 1, 1, 1, 1, 1, 1, 1, 1, 1, 1, 1, 1, 1, 1, 1, 1, 1, 1, 1, 1, 1, 1, 1, 1, 1, 1, 1, 1, 1, 1, 1, 1, 1, 1, 1, 1, 1, 1, 1, 1, 1, 1, 1, 1, 1, 1, 1, 1, 1, 1, 1, 1, 1, 1, 1, 1, 1, 1, 1, 1, 1, 1, 1, 1, 1, 1, 1, 1, 1, 1, 1, 1, 1, 1, 1, 1, 1, 1, 1, 1, 1, 1, 1, 1, 1, 1, 1, 1, 1, 1, 1, 1, 1, 1, 1, 1, 1, 1, 1, 1, 1, 1, 1, 1, 1, 1, 1, 1, 1, 1, 1, 1, 1, 1, 1, 1, 1, 1, 1, 1, 1, 1, 1, 1, 1, 1, 1, 1, 1, 1, 1, 1, 1, 1, 1, 1, 1, 1, 1, 1, 1, 1, 1, 1, 1, 1, 1, 1, 1, 1, 1, 1, 1, 1, 1, 1, 1, 1, 1, 1, 1, 1, 1, 1, 1, 1, 1, 1, 1, 1, 1, 1, 1, 1, 1, 1, 1, 1, 1, 1, 1, 1, 1, 1, 1, 1, 1, 1, 1, 1, 1, 1, 1, 1, 1, 1, 1, 1, 1, 1, 1, 1, 1, 1, 1, 1, 1, 1, 1, 1, 1, 1, 1, 1, 1, 1, 1, 1, 1, 1, 1, 1, 1, 1, 1, 1, 1, 1, 1, 1, 1, 1, 1, 1, 1, 1, 1, 1, 1, 1, 1, 1, 1, 1, 1, 1, 1, 1, 1, 1, 1, 1, 1, 1, 1, 1, 1, 1, 1, 1, 1, 1, 1, 1, 1, 1, 1, 1, 1, 1, 1, 1, 1, 1, 1, 1, 1, 1, 1, 1, 1, 1, 1, 1, 1, 1, 1, 1, 1, 1, 1, 1, 1, 1, 1, 1, 1, 1, 1, 1, 1, 1, 1, 1, 1, 1, 1, 1, 1, 1, 1, 1, 1, 1, 1, 1, 1, 1, 1, 1, 1, 1, 1, 1, 1, 1, 1, 1, 1, 1, 1, 1, 1, 1, 1, 1, 1, 1, 1, 1, 1, 1, 1, 1, 1, 1, 1, 1, 1, 1, 1, 1, 1, 1, 1, 1, 1, 1, 1, 1, 1, 1, 1, 1, 1, 1, 1, 1, 1, 1, 1, 1, 1, 1, 1, 1, 1, 1, 1, 1, 1, 1, 1, 1, 1, 1, 1, 1, 1, 1, 1, 1, 1, 1, 1, 1, 1, 1, 1, 1, 1, 1, 1, 1, 1, 1, 1, 1, 1, 1, 1, 1, 1, 1, 1, 1, 1, 1, 1, 1, 1, 1, 1, 1, 1, 1, 1, 1, 1, 1, 1, 1, 1, 1, 1, 1, 1, 1, 1, 1, 1, 1, 1, 1, 1, 1, 1, 1, 1, 1, 1, 1, 1, 1, 1, 1, 1, 1, 1, 1, 1, 1, 1, 1, 1, 1, 1, 1, 1, 1, 1, 1, 1, 1, 1, 1, 1, 1, 1, 1, 1, 1, 1, 1, 1, 1, 1, 1, 1, 1, 1, 1, 1, 1, 1, 1, 1, 1, 1, 1, 1, 1, 1, 1, 1, 1, 1, 1, 1, 1, 1, 1, 1, 1, 1, 2, 2, 2, 2, 2, 2, 2, 2, 2, 2, 2, 2, 2, 2, 2, 2, 2, 2, 2, 2, 2, 2, 2, 2, 2, 2, 2, 2, 2, 2, 2, 2, 2, 2, 2, 2, 2, 2, 2, 2, 2, 2, 2, 2, 2, 2, 2, 2, 2, 2, 2, 2, 2, 2, 2, 2, 2, 2, 2, 2, 2, 2, 2, 2, 2, 2, 2, 2, 2, 2, 2, 2, 2, 2, 2, 2, 2, 2, 2, 2, 2, 2, 2, 2, 2, 2, 2, 2, 2, 2, 2, 2, 2, 2, 2, 2, 2, 2, 2, 2, 2, 2, 2, 2, 2, 2, 2, 2, 2, 2, 2, 2, 2, 2, 2, 2, 2, 2, 2, 2, 2, 2, 2, 2, 2, 2, 2, 2, 2, 2, 2, 2, 2, 2, 2, 2, 2, 2, 2, 2, 2, 2, 2, 2, 2, 2, 2, 2, 2, 2, 2, 2, 2, 2, 2, 2, 2, 2, 2, 2, 2, 2, 2, 2, 2, 2, 2, 2, 2, 2, 2, 2, 2, 2, 2, 2, 2, 2, 2, 2, 2, 2, 2, 2, 2, 2, 2, 2, 2, 2, 2, 2, 2, 2, 2, 2, 2, 2, 2, 2, 2, 2, 2, 2, 2, 2, 2, 2, 2, 2, 2, 2, 2, 2, 2, 2, 2, 2, 2, 2, 2, 2, 2, 2, 2, 2, 2, 2, 2, 2, 2, 2, 2, 2, 2, 2, 2, 2, 2, 2, 2, 2, 2, 2, 2, 2, 2, 2, 2, 2, 2, 2, 2, 2, 2, 2, 2, 2, 2, 2, 2, 2, 2, 2, 2, 2, 2, 2, 2, 2, 2, 2, 2, 2, 2, 2, 2, 2, 2, 2, 2, 2, 2, 2, 2, 2, 2, 2, 2, 2, 2, 2, 2, 2, 2, 2, 2, 2, 2, 2, 2, 2, 2, 2, 2, 2, 2, 2, 2, 2, 2, 2, 2, 2, 2, 2, 2, 2, 2, 2, 2, 2, 2, 2, 2, 2, 2, 2, 2, 2, 2, 2, 2, 2, 2, 2, 2, 2, 2, 2, 2, 2, 2, 2, 2, 2, 2, 2, 2, 2, 2, 2, 2, 2, 2, 2, 2, 2, 2, 2, 2, 2, 2, 2, 2, 2, 2, 2, 2, 2, 2, 2, 2, 2, 2, 2, 2, 2, 2, 2, 2, 2, 2, 2, 2, 2, 2, 2, 2, 2, 2, 2, 2, 2, 2, 2, 2, 2, 2, 2, 2, 2, 2, 2, 2, 2, 2, 2, 2, 2, 2, 2, 2, 2, 2, 2, 2, 2, 2, 2, 2, 2, 2, 2, 2, 2, 2, 2, 2, 2, 2, 2, 2, 2, 2, 2, 2, 2, 2, 2, 2, 2, 2, 2, 2, 2, 2, 2, 2, 2, 2, 2, 2, 2, 2, 2, 2, 2, 2, 2, 2, 2, 2, 2, 2, 2, 2, 2, 2, 2, 2, 2, 2, 2, 2, 2, 2, 2, 2, 2, 2, 2, 2, 2, 2, 2, 2, 2, 2, 2, 2, 2, 2, 2, 2, 2, 2, 2, 2, 2, 2, 2, 2, 2, 2, 2, 2, 2, 2, 2, 2, 2, 2, 2, 2, 2, 2, 2, 2, 2, 2, 2, 2, 2, 2, 2, 2, 2, 2, 2, 2, 2, 2, 2, 2, 2, 2, 2, 2, 2, 2, 2, 2, 2, 2, 2, 2, 2, 2, 2, 2, 2, 2, 2, 2, 2, 2, 2, 2, 2, 2, 2, 2, 2, 2, 2, 2, 2, 2, 2, 2, 2, 2, 2, 2, 2, 2, 2, 2, 2, 2, 2, 2, 2, 2, 2, 2, 2, 2, 2, 2, 2, 2, 2, 2, 2, 2, 2, 2, 2, 2, 2, 2, 2, 2, 2, 2, 2, 2, 2, 2, 2, 2, 2, 2, 2, 2, 2, 2, 2, 2, 2, 2, 2, 2, 2, 2, 2, 2, 2, 2, 2, 2, 2, 2, 2, 2, 2, 2, 2, 2, 2, 2, 2, 2, 2, 2, 2, 2, 2, 2, 2, 2, 2, 2, 2, 2, 2, 2, 2, 2, 2, 2, 2, 2, 2, 2, 2, 2, 2, 2, 2, 2, 2, 2, 2, 2, 2, 2, 2, 2, 2, 2, 2, 2, 2, 2, 2, 2, 2, 2, 2, 2, 2, 2, 2, 2, 2, 2, 2, 2, 2, 2, 2, 2, 2, 2, 2, 2, 2, 2, 2, 2, 2, 2, 2, 2, 2, 2, 2, 2, 2, 2, 2, 2, 2, 2, 2, 2, 2, 2, 2, 2, 2, 2, 2, 2, 2, 2, 2, 2, 2, 2, 2, 2, 2, 2, 2, 2, 2, 2, 2, 2, 2, 2, 2, 2, 2, 2, 2, 2, 2, 2, 2, 2, 2, 2, 2, 2, 2, 2, 2, 2, 2, 2, 2, 2, 2, 2, 2, 2, 2, 2, 2, 2, 2, 2, 2, 2, 2, 2, 2, 2, 2, 2, 2, 2, 2, 2, 2, 2, 2, 2, 2, 2, 2, 2, 2, 2, 2, 2, 2, 2, 2, 2, 2, 2, 2, 2, 2, 2, 2, 2, 2, 2, 2, 2, 2, 2, 2, 2, 2, 2, 2, 2, 2, 2, 2, 2, 2, 2, 2, 2, 2, 2, 2, 2, 2, 2, 2, 2, 2, 2, 2, 2, 2, 2, 2, 2, 2, 2, 2, 2, 2, 2, 2, 2, 2, 2, 2, 2, 2, 2, 2, 2, 2, 2, 2, 2, 2, 2, 2, 2, 2, 2, 2, 2, 2, 2, 2, 2, 2, 2, 2, 2, 2, 2, 2, 2, 2, 2, 2, 2, 2, 2, 2, 2, 2, 2, 2, 2, 2, 2, 2, 2, 2, 2, 2, 2, 2, 2, 2, 2, 2, 2, 2, 2, 2, 2, 2, 2, 2, 2, 2, 2, 2, 2, 2, 2, 2, 2, 2, 2, 2, 2, 2, 2, 2, 2, 2, 2, 2, 2, 2, 2, 2, 2, 2, 2, 2, 2, 2, 2, 2, 2, 2, 2, 2, 2, 2, 2, 2, 2, 2, 2, 2, 2, 2, 2, 2, 2, 2, 2, 2, 2, 2, 2, 2, 2, 2, 2, 2, 2, 2, 2, 2, 2, 2, 2, 2, 2, 2, 2, 2, 2, 2, 2, 2, 2, 2, 2, 2, 2, 2, 2, 2, 2, 2, 2, 2, 2, 2, 2, 2, 2, 2, 2, 2, 2, 2, 2, 2, 2, 2, 2, 2, 2, 2, 2, 2, 2, 2, 2, 2, 2, 2, 2, 2, 2, 2, 2, 2, 2, 2, 2, 2, 2, 2, 2, 2, 2, 2, 2, 2, 2, 2, 2, 2, 2, 2, 2, 2, 2, 2, 2, 2, 2, 2, 2, 2, 2, 2, 2, 2, 2, 2, 2, 2, 2, 2, 2, 2, 2, 2, 2, 2, 2, 2, 2, 2, 2, 2, 2, 2, 2, 2, 2, 2, 2, 2, 2, 2, 2, 2, 2, 2, 2, 2, 2, 2, 2, 2, 2, 2, 2, 2, 2, 2, 2, 2, 2, 2, 2, 2, 2, 2, 2, 2, 2, 2, 2, 2, 2, 2, 2, 2, 2, 2, 2, 2, 2, 2, 2, 2, 2, 2, 2, 2, 2, 2, 2, 2, 2, 2, 2, 2, 2, 2, 2, 2, 2, 2, 2, 2, 2, 2, 2, 2, 2, 2, 2, 2, 2, 2, 2]), np.array([[0.26827380952380947, 0.5179761904761905, 0.21375], [0.345, 0.39125, 0.26375], [0.4635216885697512, 0.1938122431468184, 0.34266606828343044], [0.34625, 0.30125, 0.3525], [0.5537019230769231, 0.16879807692307694, 0.2775], [0.25754299377029044, 0.5086830964288848, 0.23377390980082477], [0.5099781659388646, 0.16375, 0.32627183406113536], [0.4025, 0.215, 0.3825], [0.3725, 0.33, 0.2975], [0.4673762606157112, 0.22625796178343952, 0.30636577760084927], [0.3587171052631579, 0.37128289473684206, 0.27], [0.4100245098039215, 0.3587193627450981, 0.2312561274509804], [0.23003887762001352, 0.5924293658516528, 0.17753175652833358], [0.36625, 0.39625, 0.2375], [0.40875, 0.25125, 0.34], [0.4525, 0.20125, 0.34625], [0.5262372448979592, 0.145, 0.32876275510204084], [0.5024521276595745, 0.22250531914893618, 0.27504255319148935], [0.4525, 0.22875, 0.31875], [0.3575, 0.31, 0.3325], [0.46625, 0.265, 0.26875], [0.5099792891761866, 0.19398738003147475, 0.2960333307923386], [0.42625, 0.2725, 0.30125], [0.4175, 0.24375, 0.33875], [0.23754807692307695, 0.5124519230769231, 0.25], [0.37875, 0.35875, 0.2625], [0.445, 0.27625, 0.27875], [0.4496875, 0.24625, 0.3040625], [0.4725, 0.22625, 0.30125], [0.2712643678160919, 0.5611839614398881, 0.1675516707440199], [0.4487972370766488, 0.23744663547237077, 0.31375612745098036], [0.3825, 0.3175, 0.3], [0.5449744871662715, 0.17376404494382022, 0.28126146788990825], [0.455, 0.1725, 0.3725], [0.41611111111111115, 0.31753472222222223, 0.26635416666666667], [0.36, 0.4075, 0.2325], [0.35376436781609194, 0.38863793103448274, 0.25759770114942526], [0.48625, 0.17, 0.34375], [0.31375, 0.415, 0.27125], [0.5225, 0.175, 0.3025], [0.3799841772151899, 0.26875, 0.3512658227848101], [0.4425, 0.27125, 0.28625], [0.4025, 0.23, 0.3675], [0.41875, 0.2875, 0.29375], [0.40875, 0.31625, 0.275], [0.4474903100775194, 0.32125, 0.2312596899224806], [0.48375, 0.28625, 0.23], [0.3975, 0.3475, 0.255], [0.25625, 0.4875, 0.25625], [0.4325, 0.24375, 0.32375], [0.335, 0.4825, 0.1825], [0.5199596774193548, 0.16752016129032257, 0.3125201612903226], [0.5709359538207807, 0.1600584112149533, 0.2690056349642661], [0.46375, 0.31625, 0.22], [0.4275, 0.18875, 0.38375], [0.3862359550561798, 0.2850140449438202, 0.32875], [0.4437385321100918, 0.1775, 0.3787614678899082], [0.4161565420560748, 0.13505841121495327, 0.44878504672897196], [0.40381967515688444, 0.34368032484311556, 0.2525], [0.44625, 0.21625, 0.3375], [0.5696573768605835, 0.11752023844568736, 0.3128223846937291], [0.5823272017837235, 0.1226086956521739, 0.29506410256410254], [0.3275, 0.43125, 0.24125], [0.4025, 0.28375, 0.31375], [0.35375, 0.36, 0.28625], [0.36875, 0.37125, 0.26], [0.43375, 0.2475, 0.31875], [0.265, 0.52375, 0.21125], [0.3675, 0.38125, 0.25125], [0.442515243902439, 0.247484756097561, 0.31], [0.47875, 0.195, 0.32625], [0.47200484106686147, 0.1862708637802947, 0.3417242951528438], [0.4323344017094017, 0.18625, 0.3814155982905983], [0.4149781659388646, 0.3175, 0.2675218340611354], [0.4825, 0.22125, 0.29625], [0.42375, 0.2775, 0.29875], [0.45868143459915617, 0.36126054852320677, 0.18005801687763714], [0.36875, 0.30125, 0.33], [0.36498595505617976, 0.3787640449438202, 0.25625], [0.38375, 0.2875, 0.32875], [0.30125, 0.5149456521739131, 0.18380434782608696], [0.3875, 0.31625, 0.29625], [0.46375, 0.2925, 0.24375], [0.4125, 0.33125, 0.25625], [0.3830699233716475, 0.3468462643678161, 0.2700838122605364], [0.48236111111111113, 0.1587847222222222, 0.35885416666666664], [0.4849872448979592, 0.15, 0.3650127551020408], [0.5287281659388646, 0.16125, 0.31002183406113537], [0.38875, 0.26875, 0.3425], [0.32, 0.34375, 0.33625], [0.495, 0.28375, 0.22125], [0.34875, 0.415, 0.23625], [0.41375, 0.21, 0.37625], [0.34625, 0.42375, 0.23], [0.285, 0.49, 0.225], [0.3925, 0.26875, 0.33875], [0.4257594417077175, 0.2500297619047619, 0.3242107963875205], [0.5916759048858468, 0.18011924417538064, 0.22820485093877252], [0.5125, 0.14375, 0.34375], [0.46369485294117646, 0.28, 0.25630514705882357], [0.2562643678160919, 0.5524712643678161, 0.19126436781609193], [0.27400140749369056, 0.4834862769365173, 0.24251231556979227], [0.5449867021276595, 0.14875, 0.3062632978723404], [0.4575, 0.2275, 0.315], [0.18875, 0.68875, 0.1225], [0.3375, 0.3225, 0.34], [0.39, 0.21875, 0.39125], [0.39625, 0.34, 0.26375], [0.37125, 0.36375, 0.265], [0.5773065476190476, 0.1171875, 0.30550595238095235], [0.24875, 0.48375, 0.2675], [0.45625, 0.26625, 0.2775], [0.35125, 0.42875, 0.22], [0.5585661764705883, 0.11264705882352942, 0.3287867647058823], [0.4570238095238095, 0.2387797619047619, 0.3041964285714286], [0.5024867021276596, 0.1525, 0.3450132978723404], [0.4699872448979592, 0.175, 0.35501275510204083], [0.475, 0.19, 0.335], [0.40375, 0.3, 0.29625], [0.5211760321100918, 0.06, 0.41882396788990833], [0.4325, 0.28125, 0.28625], [0.2925, 0.37875, 0.32875], [0.45, 0.26375, 0.28625], [0.4325, 0.295, 0.2725], [0.392515243902439, 0.317484756097561, 0.29], [0.38, 0.365, 0.255], [0.48625, 0.1975, 0.31625], [0.457475777008051, 0.21125, 0.33127422299194903], [0.52625, 0.18875, 0.285], [0.45124031007751936, 0.16125968992248063, 0.3875], [0.5175, 0.19, 0.2925], [0.3924283439490446, 0.30500796178343953, 0.30256369426751595], [0.465, 0.2025, 0.3325], [0.30375, 0.40125, 0.295], [0.4075, 0.32125, 0.27125], [0.277593732895457, 0.534891899288451, 0.18751436781609193], [0.41, 0.3475, 0.2425], [0.24626436781609193, 0.5374712643678161, 0.21626436781609193], [0.26291666666666663, 0.5383333333333333, 0.19875], [0.43625, 0.2925, 0.27125], [0.29507936507936505, 0.45992063492063495, 0.245], [0.4632738095238095, 0.2337797619047619, 0.30294642857142856], [0.37875, 0.34625, 0.275], [0.2850245098039216, 0.4449693627450981, 0.2700061274509804], [0.5, 0.18, 0.32], [0.33870812270404654, 0.3886946102698506, 0.27259726702610293], [0.46118143459915617, 0.20876054852320675, 0.33005801687763714], [0.4991513337227414, 0.2169334112149533, 0.2839152550623053], [0.3, 0.44125, 0.25875], [0.4872222222222222, 0.1675, 0.3452777777777778], [0.28875, 0.49625, 0.215], [0.46625, 0.24125, 0.2925], [0.5474867021276596, 0.185, 0.2675132978723404], [0.44239484126984124, 0.1775, 0.38010515873015877], [0.39625, 0.31875, 0.285], [0.47, 0.31625, 0.21375], [0.23126436781609194, 0.6037212643678161, 0.16501436781609194], [0.2238477011494253, 0.5923879310344827, 0.18376436781609193], [0.4275, 0.25125, 0.32125], [0.22005744197644916, 0.6511658746376666, 0.12877668338588422], [0.2213578431372549, 0.5548860294117648, 0.2237561274509804], [0.4325, 0.1675, 0.4], [0.5499885321100918, 0.12875, 0.3212614678899082], [0.5225, 0.18875, 0.28875], [0.43118143459915614, 0.28623450685654006, 0.2825840585443038], [0.37493589743589745, 0.35501068376068373, 0.2700534188034188], [0.44625, 0.24875, 0.305], [0.46125, 0.18625, 0.3525], [0.34375, 0.35625, 0.3], [0.32125, 0.40375, 0.275], [0.5724150460767041, 0.1787579617834395, 0.24882699213985635], [0.4924872448979592, 0.21, 0.29751275510204084], [0.24126856435643565, 0.5399752475247525, 0.2187561881188119], [0.35375, 0.2875, 0.35875], [0.4875, 0.155, 0.3575], [0.43625, 0.30375, 0.26], [0.42625, 0.195, 0.37875], [0.4213607594936709, 0.28126582278481016, 0.297373417721519], [0.38625, 0.37875, 0.235], [0.415, 0.2275, 0.3575], [0.436875, 0.26875, 0.294375], [0.4062323943661972, 0.3562588028169014, 0.2375088028169014], [0.4775, 0.22625, 0.29625], [0.47868143459915613, 0.24376054852320675, 0.27755801687763715], [0.38125, 0.30875, 0.31], [0.42375, 0.2575, 0.31875], [0.5508812066889177, 0.1739095667560258, 0.27520922655505653], [0.28880313575812006, 0.41993119480616675, 0.29126566943571325], [0.21888074007570915, 0.5773022466751903, 0.20381701324910062], [0.48625, 0.24875, 0.265], [0.5486358763433231, 0.17502155291516996, 0.2763425707415069], [0.345, 0.37, 0.285], [0.34745000000000004, 0.39629999999999993, 0.25625], [0.38, 0.27375, 0.34625], [0.3212643678160919, 0.4774712643678161, 0.20126436781609194], [0.37375, 0.32625, 0.3], [0.2387748326761933, 0.5911934107954732, 0.1700317565283336], [0.385, 0.225, 0.39], [0.4574867021276596, 0.275, 0.2675132978723404], [0.37125, 0.28625, 0.3425], [0.3050143678160919, 0.4149712643678161, 0.28001436781609196], [0.435, 0.315, 0.25], [0.5174065098879091, 0.2050079617834395, 0.2775855283286513], [0.5073462214944202, 0.1975, 0.29515377850557983], [0.479921875, 0.277578125, 0.2425], [0.5687301587301588, 0.12375, 0.3075198412698413], [0.46625, 0.1975, 0.33625], [0.5235227807530023, 0.11260670236936061, 0.36387051687763716], [0.5679027777777779, 0.15083333333333332, 0.2812638888888889], [0.3861674054373523, 0.29375531914893616, 0.32007727541371156], [0.4575, 0.28875, 0.25375], [0.28126436781609193, 0.5049712643678161, 0.21376436781609193], [0.34375, 0.37, 0.28625], [0.5037065262937356, 0.265, 0.2312934737062644], [0.24125, 0.58375, 0.175], [0.29375, 0.4275, 0.27875], [0.27876436781609193, 0.5049712643678161, 0.21626436781609193], [0.5423977798334875, 0.20250531914893619, 0.2550969010175763], [0.265, 0.45, 0.285], [0.46984879032258065, 0.22502016129032257, 0.30513104838709676], [0.35375, 0.3525, 0.29375], [0.482337962962963, 0.21881944444444443, 0.2988425925925926], [0.47625, 0.25375, 0.27], [0.33501436781609195, 0.43247126436781613, 0.23251436781609194], [0.30625, 0.395, 0.29875], [0.53125, 0.14875, 0.32], [0.4725, 0.28625, 0.24125], [0.3699590163934426, 0.3087602459016393, 0.32128073770491805], [0.48875, 0.24625, 0.265], [0.3224431818181819, 0.42625, 0.25130681818181816], [0.4724867021276596, 0.28625, 0.2412632978723404], [0.4425, 0.245, 0.3125], [0.31254723707664883, 0.4249466354723708, 0.2625061274509804], [0.3925, 0.305, 0.3025], [0.4262341772151899, 0.27375, 0.30001582278481015], [0.335, 0.345, 0.32], [0.45026041666666666, 0.27188541666666666, 0.2778541666666667], [0.45379166666666665, 0.2375, 0.30870833333333336], [0.44875, 0.27, 0.28125], [0.4275, 0.31625, 0.25625], [0.4525, 0.26375, 0.28375], [0.4175, 0.24125, 0.34125], [0.5425, 0.14625, 0.31125], [0.5717171488848705, 0.18376054852320675, 0.24452230259192287], [0.567937030075188, 0.125, 0.307062969924812], [0.43125, 0.3325, 0.23625], [0.40625, 0.3475, 0.24625], [0.47619791666666667, 0.1675, 0.3563020833333333], [0.315, 0.425, 0.26], [0.3837403100775194, 0.37125, 0.24500968992248062], [0.35379310344827586, 0.36991379310344824, 0.27629310344827585], [0.35375, 0.4225, 0.22375], [0.4325, 0.2775, 0.29], [0.4799305555555556, 0.175, 0.34506944444444443], [0.37875, 0.35125, 0.27], [0.44493589743589745, 0.245, 0.31006410256410255], [0.4025431034482759, 0.30491379310344824, 0.2925431034482759], [0.43, 0.325, 0.245], [0.4586805555555556, 0.1675, 0.3738194444444444], [0.554837962962963, 0.18006944444444442, 0.2650925925925926], [0.3361805555555556, 0.39625, 0.2675694444444444], [0.3000143678160919, 0.5224712643678161, 0.17751436781609192], [0.48875, 0.2025, 0.30875], [0.5536805555555556, 0.11125, 0.3350694444444444], [0.4575, 0.21375, 0.32875], [0.33625, 0.41375, 0.25], [0.43, 0.27875, 0.29125], [0.563125, 0.15375, 0.283125], [0.39875, 0.325, 0.27625], [0.5624872448979592, 0.1175, 0.3200127551020408], [0.40625, 0.2375, 0.35625], [0.3264285714285714, 0.46523809523809523, 0.20833333333333337], [0.40125, 0.3525, 0.24625], [0.5444726328635903, 0.1575297619047619, 0.29799760523164776], [0.34995652173913044, 0.4150217391304348, 0.23502173913043478], [0.4874867021276596, 0.24083333333333332, 0.2716799645390071], [0.4987385321100918, 0.1775, 0.3237614678899082], [0.31875, 0.47, 0.21125], [0.44625, 0.18625, 0.3675], [0.448828125, 0.263671875, 0.2875], [0.5089421296296296, 0.18381944444444442, 0.30723842592592593], [0.39875, 0.285, 0.31625], [0.53375, 0.13125, 0.335], [0.4, 0.3075, 0.2925], [0.49604183884297526, 0.20626033057851237, 0.2976978305785124], [0.3525, 0.4325, 0.215], [0.49233071201556877, 0.2537579617834395, 0.25391132620099177], [0.40001436781609195, 0.3124712643678161, 0.2875143678160919], [0.2737745098039216, 0.574969362745098, 0.15125612745098038], [0.4524596774193549, 0.2887701612903226, 0.2587701612903226], [0.6283030023374062, 0.11205140412797313, 0.25964559353462063], [0.4925, 0.20747395833333335, 0.30002604166666663], [0.26, 0.525, 0.215], [0.37, 0.3675, 0.2625], [0.465, 0.26, 0.275], [0.33002450980392156, 0.39871936274509806, 0.2712561274509804], [0.5411984536082474, 0.1400257731958763, 0.3187757731958763], [0.5360566825815601, 0.2400321014383767, 0.22391121598006308], [0.42625, 0.29625, 0.2775], [0.49, 0.2375, 0.2725], [0.3162786259541985, 0.4987118320610687, 0.1850095419847328], [0.31125, 0.49375, 0.195], [0.49, 0.26375, 0.24625], [0.5029166666666667, 0.13625, 0.3608333333333333], [0.44, 0.33125, 0.22875], [0.5549872448979591, 0.1125, 0.3325127551020408], [0.3408893678160919, 0.41272126436781603, 0.24638936781609191], [0.48324829681651876, 0.2075394518272425, 0.3092122513562387], [0.43871428571428567, 0.27375, 0.2875357142857143], [0.4625, 0.23875, 0.29875], [0.33243055555555556, 0.43, 0.23756944444444442], [0.375, 0.35125, 0.27375], [0.22127450980392158, 0.6387081014838368, 0.14001738871224165], [0.5024867021276596, 0.12375, 0.3737632978723404], [0.35375, 0.36875, 0.2775], [0.3775, 0.345, 0.2775], [0.40125, 0.275, 0.32375], [0.5124519230769231, 0.17129807692307694, 0.31625], [0.46125, 0.30875, 0.23], [0.5561678004535148, 0.12125, 0.32258219954648526], [0.5225, 0.22, 0.2575], [0.49243589743589744, 0.19251068376068375, 0.3150534188034188], [0.50125, 0.15625, 0.3425], [0.41125, 0.3025, 0.28625], [0.2550286259541985, 0.5574505707998074, 0.18752080324599407], [0.4425, 0.25875, 0.29875], [0.3175, 0.43375, 0.24875], [0.42868143459915614, 0.17876054852320675, 0.39255801687763714], [0.4437372448979592, 0.14625, 0.4100127551020408], [0.56, 0.14875, 0.29125], [0.3975, 0.29625, 0.30625], [0.30972222222222223, 0.44625, 0.2440277777777778], [0.28504464285714287, 0.48994409588159593, 0.22501126126126125], [0.3375, 0.405, 0.2575], [0.37, 0.33375, 0.29625], [0.23876436781609192, 0.5599712643678161, 0.20126436781609194], [0.4925, 0.2675, 0.24], [0.35125, 0.4225, 0.22625], [0.38375, 0.36125, 0.255], [0.4187341772151899, 0.3125, 0.26876582278481015], [0.5311587214944202, 0.165, 0.3038412785055798], [0.47125, 0.285, 0.24375], [0.4425, 0.29, 0.2675], [0.4875, 0.2175, 0.295], [0.33125, 0.44125, 0.2275], [0.41875, 0.28125, 0.3], [0.4125, 0.25125, 0.33625], [0.3725, 0.3775, 0.25], [0.3975, 0.3075, 0.295], [0.3125286259541985, 0.4399618320610687, 0.2475095419847328], [0.43625, 0.25125, 0.3125], [0.41130179154995333, 0.30615041433239965, 0.2825477941176471], [0.45125, 0.33375, 0.215], [0.37125, 0.3875, 0.24125], [0.5082738095238095, 0.1650297619047619, 0.3266964285714286], [0.58375, 0.145, 0.27125], [0.4175, 0.3325, 0.25], [0.46353125, 0.22255208333333332, 0.3139166666666667], [0.41375, 0.32875, 0.2575], [0.5199181367268157, 0.16251054852320673, 0.3175713147499776], [0.41125, 0.3125, 0.27625], [0.5087281659388646, 0.18, 0.3112718340611354], [0.4299781659388646, 0.28375, 0.2862718340611354], [0.25001436781609193, 0.5824712643678162, 0.16751436781609194], [0.3725, 0.36125, 0.26625], [0.36625, 0.325, 0.30875], [0.4325, 0.21625, 0.35125], [0.345, 0.44625, 0.20875], [0.47125, 0.225, 0.30375], [0.3137929