{
 "cells": [
  {
   "cell_type": "markdown",
   "id": "2adc313e",
   "metadata": {},
   "source": [
    "\n",
    "        # Run 4\n",
    "\n",
    "        ## Parameters\n",
    "        ```\n",
    "        {}\n",
    "        ```\n",
    "\n",
    "        ## Scores\n",
    "        ```\n",
    "        Train ROC-AUC: 0.5258276961052353\n",
    "        Validation ROC-AUC (Cross-Validation): 0.8627864923747277\n",
    "        Validation ROC-AUC: 0.47663820291184383\n",
    "        Test ROC-AUC: 0.4147927911581899\n",
    "        ```\n",
    "\n",
    "        ## Graphs\n",
    "        "
   ]
  },
  {
   "cell_type": "code",
   "execution_count": null,
   "id": "24eb4b2e",
   "metadata": {},
   "outputs": [],
   "source": [
    "\n",
    "import matplotlib.pyplot as plt\n",
    "import seaborn as sns\n",
    "from sklearn.metrics import roc_curve, auc, classification_report\n",
    "import numpy as np\n",
    "\n",
    "def plot_roc_curve(y_true, y_score, class_names, title='ROC Curve'):\n",
    "    plt.figure()\n",
    "    for i, class_name in enumerate(class_names):\n",
    "        fpr, tpr, _ = roc_curve(y_true == i, y_score[:, i])\n",
    "        roc_auc = auc(fpr, tpr)\n",
    "        plt.plot(fpr, tpr, label=f'ROC curve of class {class_name} (area = {roc_auc:.2f})')\n",
    "    plt.plot([0, 1], [0, 1], 'k--')\n",
    "    plt.xlim([0.0, 1.0])\n",
    "    plt.ylim([0.0, 1.05])\n",
    "    plt.xlabel('False Positive Rate')\n",
    "    plt.ylabel('True Positive Rate')\n",
    "    plt.title(title)\n",
    "    plt.legend(loc=\"lower right\")\n",
    "    plt.show()\n",
    "\n",
    "def plot_class_distribution(labels, class_names, title='Class Distribution'):\n",
    "    plt.figure()\n",
    "    sns.countplot(labels)\n",
    "    plt.title(title)\n",
    "    plt.xlabel('Classes')\n",
    "    plt.ylabel('Counts')\n",
    "    plt.xticks(ticks=np.arange(len(class_names)), labels=class_names)\n",
    "    plt.show()\n",
    "\n",
    "# Classes\n",
    "class_names = ['NORMAL', 'BACTERIA', 'VIRUS']\n",
    "\n",
    "# Plot ROC curves\n",
    "plot_roc_curve(np.array([1, 1, 1, 1, 1, 1, 1, 1, 1, 1, 1, 1, 1, 1, 1, 1, 1, 1, 1, 1, 1, 1, 1, 1, 1, 1, 1, 1, 1, 1, 1, 1, 1, 1, 1, 1, 1, 1, 1, 1, 1, 1, 1, 1, 1, 1, 1, 1, 1, 1, 1, 1, 1, 1, 1, 1, 1, 1, 1, 1, 1, 1, 1, 1, 1, 1, 1, 1, 1, 1, 1, 1, 1, 1, 1, 1, 1, 1, 1, 1, 1, 1, 1, 1, 1, 1, 1, 1, 1, 1, 1, 1, 1, 1, 1, 1, 1, 1, 1, 1, 1, 1, 1, 1, 1, 1, 1, 1, 1, 1, 1, 1, 1, 1, 1, 1, 1, 1, 1, 1, 1, 1, 1, 1, 1, 1, 1, 1, 1, 1, 1, 1, 1, 1, 1, 1, 1, 1, 1, 1, 1, 1, 1, 1, 1, 1, 1, 1, 1, 1, 1, 1, 1, 1, 1, 1, 1, 1, 1, 1, 1, 1, 1, 1, 1, 1, 1, 1, 1, 1, 1, 1, 1, 1, 1, 1, 1, 1, 1, 1, 1, 1, 1, 1, 1, 1, 1, 1, 1, 1, 1, 1, 1, 1, 1, 1, 1, 1, 1, 1, 1, 1, 1, 1, 1, 1, 1, 1, 1, 1, 1, 1, 1, 1, 1, 1, 1, 1, 1, 1, 1, 1, 1, 1, 1, 1, 1, 1, 1, 1, 1, 1, 1, 1, 1, 1, 1, 1, 1, 1, 1, 1, 1, 1, 1, 1, 1, 1, 1, 1, 1, 1, 1, 1, 1, 1, 1, 1, 1, 1, 1, 1, 1, 1, 1, 1, 1, 1, 1, 1, 1, 1, 1, 1, 1, 1, 1, 1, 1, 1, 1, 1, 1, 1, 1, 1, 1, 1, 1, 1, 1, 1, 1, 1, 1, 1, 1, 1, 1, 1, 1, 1, 1, 1, 1, 1, 1, 1, 1, 1, 1, 1, 1, 1, 1, 1, 1, 1, 1, 1, 1, 1, 1, 1, 1, 1, 1, 1, 1, 1, 1, 1, 1, 1, 1, 1, 1, 1, 1, 1, 1, 1, 1, 1, 1, 1, 1, 1, 1, 1, 1, 1, 1, 1, 1, 1, 1, 1, 1, 1, 1, 1, 1, 1, 1, 1, 1, 1, 1, 1, 1, 1, 1, 1, 1, 1, 1, 1, 1, 1, 1, 1, 1, 1, 1, 1, 1, 1, 1, 1, 1, 1, 1, 1, 1, 1, 1, 1, 1, 1, 1, 1, 1, 1, 1, 1, 1, 1, 1, 1, 1, 1, 1, 1, 1, 1, 1, 1, 1, 1, 1, 1, 1, 1, 1, 1, 1, 1, 1, 1, 1, 1, 1, 1, 1, 1, 1, 1, 1, 1, 1, 1, 1, 1, 1, 1, 1, 1, 1, 1, 1, 1, 1, 1, 1, 1, 1, 1, 1, 1, 1, 1, 1, 1, 1, 1, 1, 1, 1, 1, 1, 1, 1, 1, 1, 1, 1, 1, 1, 1, 1, 1, 1, 1, 1, 1, 1, 1, 1, 1, 1, 1, 1, 1, 1, 1, 1, 1, 1, 1, 1, 1, 1, 1, 1, 1, 1, 1, 1, 1, 1, 1, 1, 1, 1, 1, 1, 1, 1, 1, 1, 1, 1, 1, 1, 1, 1, 1, 1, 1, 1, 1, 1, 1, 1, 1, 1, 1, 1, 1, 1, 1, 1, 1, 1, 1, 1, 1, 1, 1, 1, 1, 1, 1, 1, 1, 1, 1, 1, 1, 1, 1, 1, 1, 1, 1, 1, 1, 1, 1, 1, 1, 1, 1, 1, 1, 1, 1, 1, 1, 1, 1, 1, 1, 1, 1, 1, 1, 1, 1, 1, 1, 1, 1, 1, 1, 1, 1, 1, 1, 1, 1, 1, 1, 1, 1, 1, 1, 1, 1, 1, 1, 1, 1, 1, 1, 1, 1, 1, 1, 1, 1, 1, 1, 1, 1, 1, 1, 1, 1, 1, 1, 1, 1, 1, 1, 1, 1, 1, 1, 1, 1, 1, 1, 1, 1, 1, 1, 1, 1, 1, 1, 1, 1, 1, 1, 1, 1, 1, 1, 1, 1, 1, 1, 1, 1, 1, 1, 1, 1, 1, 1, 1, 1, 1, 1, 1, 1, 1, 1, 1, 1, 1, 1, 1, 1, 1, 1, 1, 1, 1, 1, 1, 1, 1, 1, 1, 1, 1, 1, 1, 1, 1, 1, 1, 1, 1, 1, 1, 1, 1, 1, 1, 1, 1, 1, 1, 1, 1, 1, 1, 1, 1, 1, 1, 1, 1, 1, 1, 1, 1, 1, 1, 1, 1, 1, 1, 1, 1, 1, 1, 1, 1, 1, 1, 1, 1, 1, 1, 1, 1, 1, 1, 1, 1, 1, 1, 1, 1, 1, 1, 1, 1, 1, 1, 1, 1, 1, 1, 1, 1, 1, 1, 1, 1, 1, 1, 1, 1, 1, 1, 1, 1, 1, 1, 1, 1, 1, 1, 1, 1, 1, 1, 1, 1, 1, 1, 1, 1, 1, 1, 1, 1, 1, 1, 1, 1, 1, 1, 1, 1, 1, 1, 1, 1, 1, 1, 1, 1, 1, 1, 1, 1, 1, 1, 1, 1, 1, 1, 1, 1, 1, 1, 1, 1, 1, 1, 1, 1, 1, 1, 1, 1, 1, 1, 1, 1, 1, 1, 1, 1, 1, 1, 1, 1, 1, 1, 1, 1, 1, 1, 1, 1, 1, 1, 1, 1, 1, 1, 1, 1, 1, 1, 1, 1, 1, 1, 1, 1, 1, 1, 1, 1, 1, 1, 1, 1, 1, 1, 1, 1, 1, 1, 1, 1, 1, 1, 1, 1, 1, 1, 1, 1, 1, 1, 1, 1, 1, 1, 1, 1, 1, 1, 1, 1, 1, 1, 1, 1, 1, 1, 1, 1, 1, 1, 1, 1, 1, 1, 1, 1, 1, 1, 1, 1, 1, 1, 1, 1, 1, 1, 1, 1, 1, 1, 1, 1, 1, 1, 1, 1, 1, 1, 1, 1, 1, 1, 1, 1, 1, 1, 1, 1, 1, 1, 1, 1, 1, 1, 1, 1, 1, 1, 1, 1, 1, 1, 1, 1, 1, 1, 1, 1, 1, 1, 1, 1, 1, 1, 1, 1, 1, 1, 1, 1, 1, 1, 1, 1, 1, 1, 1, 1, 1, 1, 1, 1, 1, 1, 1, 1, 1, 1, 1, 1, 1, 1, 1, 1, 1, 1, 1, 1, 1, 1, 1, 1, 1, 1, 1, 1, 1, 1, 1, 1, 1, 1, 1, 1, 1, 1, 1, 1, 1, 1, 1, 1, 1, 1, 1, 1, 1, 1, 1, 1, 1, 1, 1, 1, 1, 1, 1, 1, 1, 1, 1, 1, 1, 1, 1, 1, 1, 1, 1, 1, 1, 1, 1, 1, 1, 1, 1, 1, 1, 1, 1, 1, 1, 1, 1, 1, 1, 1, 1, 1, 1, 1, 1, 1, 1, 1, 1, 1, 1, 1, 1, 1, 1, 1, 1, 1, 1, 1, 1, 1, 1, 1, 1, 1, 1, 1, 1, 1, 1, 1, 1, 1, 1, 1, 1, 1, 1, 1, 1, 1, 1, 1, 1, 1, 1, 1, 1, 1, 1, 1, 1, 1, 1, 1, 1, 1, 1, 1, 1, 1, 1, 1, 1, 1, 1, 1, 1, 1, 1, 1, 1, 1, 1, 1, 1, 1, 1, 1, 1, 1, 1, 1, 1, 1, 1, 1, 1, 1, 1, 1, 1, 1, 1, 1, 1, 1, 1, 1, 1, 1, 1, 1, 1, 1, 1, 1, 1, 1, 1, 1, 1, 1, 1, 1, 1, 1, 1, 1, 1, 1, 1, 1, 1, 1, 1, 1, 1, 1, 1, 1, 1, 1, 1, 1, 1, 1, 1, 1, 1, 1, 1, 1, 1, 1, 1, 1, 1, 1, 1, 1, 1, 1, 1, 1, 1, 1, 1, 1, 1, 1, 1, 1, 1, 1, 1, 1, 1, 1, 1, 1, 1, 1, 1, 1, 1, 1, 1, 1, 1, 1, 1, 1, 1, 1, 1, 1, 1, 1, 1, 1, 1, 1, 1, 1, 1, 1, 1, 1, 1, 1, 1, 1, 1, 1, 1, 1, 1, 1, 1, 1, 1, 1, 1, 1, 1, 1, 1, 1, 1, 1, 1, 1, 1, 1, 1, 1, 1, 1, 1, 1, 1, 1, 1, 1, 1, 1, 1, 1, 1, 1, 1, 1, 1, 1, 1, 1, 0, 2, 0, 0, 0, 2, 0, 2, 0, 2, 0, 0, 2, 0, 2, 2, 2, 0, 2, 0, 0, 0, 2, 2, 0, 2, 0, 0, 2, 0, 2, 2, 2, 2, 0, 2, 2, 0, 2, 0, 2, 0, 2, 0, 2, 0, 0, 0, 2, 2, 2, 0, 0, 2, 0, 0, 2, 0, 2, 0, 2, 0, 0, 2, 0, 2, 0, 2, 0, 2, 2, 0, 2, 0, 2, 0, 2, 0, 2, 0, 2, 0, 2, 2, 0, 0, 2, 0, 2, 0, 0, 0, 0, 2, 0, 2, 0, 2, 0, 2, 2, 2, 2, 0, 2, 0, 2, 0, 2, 0, 2, 0, 2, 0, 2, 0, 2, 2, 2, 0, 2, 0, 0, 2, 0, 0, 2, 0, 0, 0, 0, 0, 2, 0, 2, 0, 2, 2, 0, 2, 0, 2, 0, 2, 0, 2, 0, 2, 0, 2, 0, 2, 0, 2, 0, 2, 0, 2, 2, 2, 2, 2, 0, 2, 0, 2, 0, 2, 2, 0, 2, 0, 2, 0, 2, 0, 2, 2, 0, 0, 2, 0, 0, 2, 0, 2, 2, 0, 2, 0, 2, 2, 0, 2, 0, 2, 2, 2, 2, 0, 2, 0, 2, 0, 2, 2, 0, 0, 2, 2, 0, 2, 2, 2, 2, 2, 2, 0, 2, 2, 0, 2, 0, 2, 2, 0, 2, 0, 0, 2, 2, 0, 2, 0, 2, 0, 2, 0, 0, 0, 2, 0, 2, 2, 0, 0, 2, 2, 2, 0, 2, 0, 0, 2, 2, 0, 2, 2, 2, 0, 0, 2, 2, 2, 0, 2, 2, 2, 0, 2, 2, 2, 0, 2, 2, 2, 0, 2, 0, 2, 0, 2, 2, 0, 2, 0, 2, 2, 2, 2, 2, 0, 2, 2, 2, 2, 2, 0, 2, 2, 0, 2, 2, 2, 0, 2, 2, 2, 2, 2, 0, 2, 0, 0, 0, 2, 2, 2, 2, 0, 2, 2, 0, 0, 2, 2, 2, 0, 2, 0, 0, 2, 2, 2, 0, 2, 2, 2, 2, 0, 2, 0, 2, 2, 0, 2, 2, 2, 2, 2, 2, 2, 2, 2, 0, 2, 2, 0, 2, 0, 2, 0, 0, 0, 2, 2, 0, 2, 0, 2, 2, 2, 2, 0, 2, 0, 0, 0, 0, 2, 0, 0, 2, 0, 2, 0, 0, 0, 2, 0, 0, 0, 0, 0, 2, 0, 0, 0, 2, 0, 2, 0, 2, 2, 0, 2, 0, 0, 2, 0, 2, 0, 2, 0, 2, 0, 0, 2, 0, 2, 0, 2, 2, 0, 2, 2, 0, 2, 0, 2, 2, 2, 0, 2, 0, 2, 2, 0, 2, 0, 0, 2, 0, 2, 0, 2, 0, 2, 0, 2, 0, 2, 2, 0, 0, 2, 0, 2, 2, 0, 2, 0, 2, 0, 0, 2, 0, 2, 0, 2, 2, 2, 2, 2, 2, 2, 2, 2, 2, 2, 2, 2, 2, 2, 2, 2, 0, 0, 0, 2, 0, 2, 2, 2, 0, 0, 0, 2, 0, 2, 2, 0, 2, 0, 2, 2, 2, 0, 0, 0, 2, 0, 2, 0, 0, 2, 0, 2, 0, 0, 2, 0, 2, 2, 0, 2, 0, 2, 0, 2, 0, 0, 2, 0, 0, 2, 0, 0, 2, 0, 2, 0, 0, 0, 2, 0, 0, 2, 0, 2, 2, 0, 2, 0, 2, 0, 2, 0, 2, 0, 2, 2, 2, 0, 2, 2, 0, 2, 2, 0, 2, 2, 0, 0, 2, 2, 0, 0, 0, 0, 2, 2, 0, 0, 2, 0, 0, 0, 0, 0, 0, 0, 2, 0, 2, 0, 0, 0, 0, 0, 0, 0, 2, 2, 0, 2, 2, 0, 0, 0, 0, 0, 0, 2, 0, 2, 2, 0, 0, 0, 0, 0, 0, 2, 0, 2, 2, 2, 2, 0, 2, 0, 2, 0, 2, 0, 0, 2, 2, 2, 0, 0, 0, 0, 0, 0, 0, 0, 0, 0, 0, 0, 0, 2, 0, 0, 2, 0, 0, 0, 0, 2, 2, 2, 2, 0, 2, 0, 0, 0, 0, 2, 2, 2, 0, 2, 0, 2, 2, 0, 0, 0, 0, 2, 2, 2, 0, 0, 0, 2, 0, 0, 2, 0, 2, 2, 0, 2, 0, 2, 0, 0, 0, 0, 0, 0, 0, 0, 0, 2, 2, 0, 2, 2, 0, 0, 0, 0, 0, 0, 2, 0, 2, 2, 2, 2, 0, 0, 0, 0, 0, 2, 2, 0, 2, 0, 0, 0, 0, 0, 2, 0, 0, 0, 2, 2, 2, 0, 0, 2, 2, 2, 2, 2, 0, 0, 2, 2, 2, 0, 0, 2, 0, 2, 0, 2, 2, 2, 2, 2, 2, 2, 2, 2, 0, 0, 0, 0, 0, 0, 0, 0, 2, 0, 0, 2, 0, 2, 0, 2, 0, 0, 2, 0, 0, 0, 2, 0, 2, 0, 0, 2, 2, 0, 0, 2, 2, 0, 0, 0, 0, 0, 2, 2, 0, 2, 0, 2, 2, 0, 2, 0, 2, 2, 0, 0, 0, 0, 0, 0, 0, 2, 0, 0, 2, 0, 0, 0, 0, 0, 0, 2, 0, 0, 2, 2, 0, 0, 2, 0, 0, 2, 2, 2, 0, 0, 0, 0, 0, 0, 0, 0, 0, 0, 0, 2, 0, 0, 0, 0, 0, 2, 2, 0, 0, 2, 0, 2, 2, 0, 0, 0, 0, 0, 0, 2, 0, 2, 0, 2, 0, 2, 0, 0, 2, 2, 0, 0, 2, 2, 2, 0, 0, 0, 2, 2, 0, 0, 0, 0, 0, 2, 0, 0, 0, 0, 0, 2, 0, 0, 0, 0, 0, 2, 0, 2, 2, 0, 0, 2, 2, 0, 0, 0, 0, 0, 0, 0, 0, 2, 0, 0, 0, 0, 2, 2, 0, 2, 2, 2, 2, 0, 0, 0, 2, 0, 0, 0, 0, 0, 0, 2, 0, 2, 2, 2, 2, 2, 2, 2, 2, 2, 2, 0, 0, 2, 2, 2, 0, 0, 2, 2, 2, 2, 0, 0, 0, 2, 2, 2, 2, 2, 2, 2, 2, 2, 0, 2, 2, 0, 0, 2, 2, 0, 0, 0, 2, 0, 0, 2, 0, 2, 2, 0, 2, 2, 2, 0, 0, 2, 2, 0, 2, 0, 0, 2, 0, 0, 0, 0, 0, 0, 0, 2, 0, 0, 2, 2, 2, 2, 2, 0, 2, 0, 2, 2, 0, 0, 0, 0, 2, 0, 2, 2, 2, 2, 2, 0, 2, 2, 0, 2, 0, 0, 2, 0, 2, 0, 0, 0, 0, 0, 0, 2, 2, 0, 0, 0, 0, 0, 0, 0, 2, 2, 0, 2, 0, 2, 2, 0, 0, 2, 2, 0, 0, 0, 0, 0, 0, 0, 2, 2, 0, 2, 2, 0, 2, 0, 0, 0, 0, 0, 0, 0, 0, 0, 0, 2, 2, 2, 0, 0, 2, 0, 2, 0, 2, 2, 0, 2, 0, 2, 0, 2, 2, 2, 0, 2, 2, 0, 2, 0, 0, 0, 0, 2, 0, 2, 0, 2, 0, 0, 0, 2, 0, 0, 2, 2, 2, 0, 2, 0, 2, 2, 2, 0, 0, 0, 2, 0, 2, 0, 0, 2, 0, 0, 2, 2, 2, 0, 2, 2, 0, 2, 2, 0, 0, 0, 0, 2, 0, 0, 0, 0, 2, 2, 0, 2, 0, 2, 2, 2, 0, 2, 0, 0, 2, 0, 0, 2, 0, 0, 0, 0, 0, 2, 0, 0, 0, 0, 2, 0, 0, 0, 0, 0, 0, 0, 2, 0, 0, 0, 2, 2, 2, 0, 0, 2, 0, 0, 0, 0, 0, 0, 0, 0, 0, 0, 2, 2, 0, 2, 2, 0, 2, 0, 0, 0, 0, 0, 0, 0, 0, 0, 0, 0, 2, 0, 0, 2, 2, 0, 0, 0, 2, 0, 2, 0, 2, 2, 0, 2, 0, 2, 0, 0, 0, 0, 0, 0, 0, 0, 0, 0, 0, 0, 0, 0, 2, 2, 0, 0, 2, 0, 0, 0, 2, 2, 2, 0, 0, 2, 0, 0, 0, 0, 2, 2, 2, 0, 0, 0, 0, 0, 0, 0, 0, 0, 0, 0, 0, 0, 0, 0, 0, 0, 0, 2, 0, 0, 0, 0, 0, 0, 0, 0, 0, 0, 2, 2, 2, 2, 0, 0, 0, 0, 0, 0, 0, 0, 0, 0, 0, 0, 0, 0, 0, 0, 0, 0, 0, 0, 0, 0, 0, 0, 0, 0, 0, 0, 0, 0, 0, 0, 0, 0, 0, 0, 0, 0, 0, 0, 0, 0, 0, 0, 0, 0, 0, 0, 0, 0, 0, 0, 0, 0, 0, 0, 0, 0, 0, 0, 0, 0, 0, 0, 0, 0, 0, 0, 0, 0, 0, 0, 0, 0, 0, 0, 0, 0, 0, 0, 0, 0, 0, 0, 0, 0, 0, 0, 0, 0, 0, 0, 0, 0, 0, 0, 0, 0, 0, 0, 0, 0, 0, 0, 0, 0, 0, 0, 0, 0, 0, 0, 0, 0, 0, 0, 0, 0, 0, 0, 0, 0, 0, 0, 0, 0, 0, 0, 0, 0, 0, 0, 0, 0, 0, 0, 0, 0, 0, 0, 0, 0, 0, 0, 0, 0, 0, 0, 0, 0, 0, 0, 0, 0, 0, 0, 0, 0, 0, 0, 0, 0, 0, 0, 0, 0, 0, 0, 0, 0, 0, 0, 0, 0, 0, 0, 0, 0, 0, 0, 0, 0, 0, 0, 0, 0, 0, 0, 0, 0, 0, 0, 0, 0, 0, 0, 0, 0, 0, 0, 0, 0, 0, 0, 0, 0, 0, 0, 0, 0, 0, 0, 0, 0, 0, 0, 0, 0, 0, 0, 0, 0, 0, 0, 0, 0, 0, 0, 0, 0, 0, 0, 0, 0, 0, 0, 0, 0, 0, 0, 0, 0, 0, 0, 0, 0, 0, 0, 0, 0, 0, 0, 0, 0, 0, 0, 0, 0, 0, 0, 0, 0, 0, 0, 0, 0, 0, 0, 0, 0, 0, 0, 0, 0, 0, 0, 0, 0, 0, 0, 0, 0, 0, 0, 0, 0, 0, 0, 0, 0, 0, 0, 0, 0, 0, 0, 0, 0, 0, 0, 0, 0, 0, 0, 0, 0, 0, 0, 0, 0, 0, 0, 0, 0, 0, 0, 0, 0, 0, 0, 0, 0, 0, 0, 0, 0, 0, 0, 0, 0, 0, 0, 0, 0, 2, 0, 2, 0, 0, 0, 0, 0, 0, 0, 0, 2, 0, 0, 0, 0, 0, 0, 0, 0, 0, 0, 2, 0, 0, 0, 2, 0, 0, 0, 0, 0, 0, 0, 0, 0, 0, 0, 0, 2, 0, 2, 0, 2, 2, 0, 2, 0, 0, 0, 0, 0, 0, 0, 2, 0, 0, 2, 0, 0, 0, 0, 0, 0, 0, 0, 0, 0, 0, 2, 0, 0, 0, 0, 2, 2, 2, 0, 0, 0, 0, 0, 0, 0, 0, 0, 0, 0, 2, 2, 2, 2, 2, 0, 0, 0, 2, 0, 0, 0, 2, 0, 0, 0, 0, 0, 2, 0, 0, 0, 0, 0, 0, 0, 0, 2, 0, 0, 0, 0, 2, 2, 2, 2, 0, 0, 2, 0, 0, 0, 0, 0, 0, 0, 0, 2, 0, 0, 0, 0, 0, 0, 0, 0, 0, 0, 0, 2, 2, 2, 2, 0, 0, 2, 2, 2, 0, 0, 0, 0, 0, 2, 0, 0, 0, 2, 0, 2, 2, 2, 2, 2, 0, 2, 2, 0, 0, 0, 0, 0, 0, 0, 0, 2, 2, 2, 0, 0, 2, 0, 0, 0, 0, 0, 0, 0, 2, 0, 0, 2, 0, 0, 0, 0, 0, 0, 2, 2, 0, 0, 0, 0, 0, 2, 0, 0, 0, 0, 0, 0, 2, 0, 0, 0, 0, 2, 0, 2, 0, 2, 2, 0, 0, 0, 2, 0, 0, 2, 0, 0, 2, 0, 0, 2, 0, 0, 2, 2, 0, 0, 0, 0, 0, 0, 0, 0, 0, 0, 0, 0, 0, 0, 0, 0, 2, 0, 0, 2, 0, 0, 0, 2, 0, 0, 0, 0, 2, 0, 0, 2, 0, 0, 0, 0, 0, 0, 0, 2, 0, 0, 2, 0, 2, 0, 0, 0, 0, 0, 0, 2, 2, 0, 0, 0, 0, 0, 2, 0, 0, 0, 0, 0, 0, 0, 2, 0, 2, 2, 2, 0, 0, 0, 0, 0, 2, 2, 2, 2, 2, 0, 0, 0, 0, 0, 2, 2, 2, 2, 2, 2, 2, 0, 0, 2, 0, 0, 0, 0, 0, 0, 2, 2, 0, 0, 2, 0, 0, 0, 0, 0, 2, 0, 0, 0, 0, 0, 0, 0, 2, 0, 0, 2, 0, 0, 0, 0, 2, 2, 0, 0, 0, 0, 0, 0, 0, 0, 0, 0, 0, 0, 0, 0, 0, 0, 0, 0, 2, 0, 0, 0, 2, 0, 0, 0, 0, 0, 0, 2, 0, 2, 2, 2, 0, 0, 2, 0, 2, 0, 2, 2, 0, 0, 0, 0, 0, 0, 0, 0, 2, 2, 2, 2, 2, 2, 2, 2, 2, 0, 0, 0, 2, 0, 2, 0, 0, 0, 0, 0, 0, 0, 2, 0, 0, 0, 2, 0, 0, 0, 0, 2, 0, 2, 2, 0, 2, 0, 0, 2, 2, 2, 2, 0, 0, 0, 0, 0, 2, 0, 0, 0, 0, 2, 0, 2, 0, 2, 0, 0, 0, 2, 0, 0, 0, 0, 0, 2, 2, 0, 2, 0, 2, 0, 0, 0, 0, 0, 2, 0, 2, 0, 0, 0, 0, 0, 0, 0, 0, 0, 0, 2, 2, 0, 0, 0, 0, 0, 0, 0, 0, 0, 2, 0, 0, 0, 2, 0, 0, 0, 2, 0, 0, 0, 2, 0, 2, 0, 0, 2, 0, 0, 2, 2, 0, 0, 2, 0, 0, 0, 0, 2, 0, 0, 0, 0, 0, 0, 0, 0, 0, 0, 0, 0, 0, 0, 0, 0, 0, 0, 2, 0, 2, 0, 0, 2, 2, 0, 0, 0, 2, 2, 2, 0, 0, 2, 0, 0, 0, 0, 0, 0, 0, 0, 0, 2, 0, 0, 0, 0, 0, 2, 0, 2, 0, 0, 2, 0, 0, 2, 0, 2, 0, 2, 0, 0, 0, 0, 0, 2, 0, 0, 0, 0, 0, 0, 0, 2, 0, 2, 2, 2, 0, 0, 0, 0, 0, 2, 2, 0, 2, 0, 2, 0, 0, 0, 0, 2, 2, 2, 0, 2, 0, 2, 2, 2, 0, 0, 0, 0, 0, 2, 0, 0, 0, 0, 0, 0, 0, 0, 0, 2, 0, 2, 0, 0, 0, 2, 0, 2, 0, 0, 2, 0, 2, 0, 0, 2, 2, 2, 2, 0, 0, 0, 0, 0, 0, 0, 0, 0, 0, 0, 0, 2, 0, 2, 2, 0, 0, 0, 0, 0, 2, 0, 0, 2, 0, 0, 0, 2, 0, 0, 0, 0, 0, 2, 0, 2, 0, 2, 0, 2, 0, 2, 2, 0, 0, 0, 2, 0, 2, 2, 0, 2, 0, 2, 0, 0, 0, 0, 0, 2, 0, 0, 0, 0, 0, 2, 0, 2, 2, 0, 0, 0, 0, 2, 0, 0, 0, 0, 0, 0, 0, 0, 0, 0, 0, 0, 0, 0, 2, 2, 2, 2, 2, 2, 2, 2, 2, 2, 2, 2, 2, 0, 0, 0, 2, 0, 2, 0, 0, 0, 2, 2, 2, 2, 2, 2, 2, 2, 0, 2, 0, 2, 2, 0, 0, 0, 0, 0, 2, 0, 0, 0, 0, 0, 0, 2, 0, 2, 0, 2, 2, 0, 2, 0, 0, 2, 0, 2, 0, 0, 0, 0, 0, 0, 2, 0, 0, 2, 0, 0, 0, 0, 2, 0, 2, 2, 0, 0, 0, 0, 2, 0, 2, 2, 0, 0, 2, 2, 0, 0, 0, 0, 0, 0, 2, 0, 0, 0, 0, 2, 0, 0, 2, 0, 0, 2, 0, 0, 0, 0, 2, 0, 0, 0, 0, 0, 0, 0, 0, 0, 2, 0, 0, 0, 2, 2, 0, 0, 0, 0, 0, 2, 0, 2, 0, 0, 0, 0, 0, 0, 2, 0, 2, 0, 0, 0, 0, 0, 0, 2, 2, 0, 0, 0, 0, 2, 2, 0, 0, 2, 0, 0, 0, 2, 0, 2, 2, 0, 2, 0, 0, 0, 0, 2, 0, 0, 0, 0, 0, 0, 2, 0, 0, 2, 0, 0, 0, 0, 0, 2, 2, 0, 0, 0, 0, 0, 0, 0, 2, 0, 0, 0, 0, 0, 0, 2, 0, 0, 0, 2, 0, 0, 2, 0, 0, 0, 2, 0, 2, 0, 2, 2, 0, 0, 0, 2, 0, 0, 2, 0, 0, 0, 0, 0, 0, 0, 0, 0, 0, 0, 2, 0, 0, 0, 0, 0, 2, 0, 0, 0, 0, 0, 0, 0, 2, 2, 0, 0, 2, 0, 0, 0, 0, 0, 0, 2, 0, 0, 2, 0, 0, 0, 2, 0, 0, 0, 2, 2, 0, 0, 2, 2, 0, 0, 0, 0, 0, 2, 0, 0, 2, 0, 0, 2, 2, 0, 2, 0, 0, 0, 0, 0, 0, 2, 0, 0, 2, 0, 2, 2, 0, 0, 0, 0, 2, 2, 0, 0, 0, 0, 0, 0, 0, 0, 0, 0, 0, 0, 0, 2, 2, 0, 0, 2, 2, 2, 0, 0, 0, 0, 2, 0, 0, 0, 2, 0, 2, 0, 0, 0, 2, 0, 0, 0, 0, 2, 0, 0, 0, 0, 0, 0, 0, 0, 2, 2, 0, 0, 2, 0, 0, 0, 0, 2, 0, 0, 2, 0, 0, 0, 0, 2, 2, 0, 0, 0, 0, 0, 0, 2, 0, 2, 0, 0, 2, 0, 0, 0, 0, 0, 0, 0, 2, 0, 0, 2, 0, 2, 0, 0, 0, 0, 0, 0, 2, 0, 2, 2, 2, 2, 2, 2, 0, 0, 0, 0, 2, 2, 0, 0, 0, 2, 0, 0, 0, 0, 0, 0, 2, 0, 0, 0, 0, 0, 2, 0, 0, 0, 0, 2, 0, 0, 2, 0, 0, 2, 0, 0, 2, 0, 0, 0, 0, 2, 0, 0, 2, 0, 2, 0, 2, 0, 2, 0, 0, 0, 0, 0, 0, 0, 0, 0, 0, 2, 0, 0, 0, 0, 0, 0, 0, 0, 2, 0, 0, 0, 0, 0, 0, 2, 0, 2, 0, 2, 0, 0, 0, 2, 0, 0, 0, 0, 0, 0, 2, 0, 0, 0, 0, 2, 0, 2, 0, 0, 2, 0, 0, 0, 0, 2, 0, 2, 0, 0, 2, 0, 2, 0, 2, 0, 0, 0, 0, 0, 2, 0, 0, 0, 0, 0, 0, 0, 0, 0, 0, 0, 2, 0, 0, 0, 0, 0, 0, 2, 2, 0, 0, 0, 0, 0, 0, 2, 0, 0, 0, 2, 0, 0, 0, 2, 2, 0, 0, 0, 0, 0, 0, 0, 0, 0, 0, 2, 0, 2, 0, 0, 2, 0, 2, 0, 2, 0, 2, 0, 0, 0, 0, 0, 0, 0, 0, 2, 0, 0, 2, 0, 0, 2, 2, 2, 0, 2, 0, 0, 0, 0, 0, 0, 0, 0, 0, 0, 0, 0, 0, 2, 0, 0, 0, 2, 0, 0, 2, 0, 0, 0, 0, 0, 2, 2, 0, 0, 2, 0, 0, 0, 2, 0, 2, 0, 0, 0, 0, 2, 0, 0, 0, 2, 0, 2, 0, 0, 0, 2, 2, 0, 2, 0, 2, 0, 2, 0, 0, 2, 0, 0, 0, 0, 0, 0, 0, 0, 0, 0, 0, 2, 2, 2, 2, 0, 2, 0, 0, 2, 0, 2, 0, 0, 2, 0, 2, 2, 0, 2, 0, 0, 0, 0, 0, 2, 0, 0, 0, 0, 0, 0, 0, 0, 0, 0, 0, 2, 0, 0, 2, 0, 2, 0, 0, 0, 2, 0, 0, 2, 2, 0, 0, 2, 0, 2, 2, 0, 0, 2, 0, 2, 0, 2, 0, 2, 2, 0, 2, 0, 2, 0, 0, 0, 0, 0, 0, 0, 0, 2, 0, 0, 2, 0, 2, 0, 0, 0, 2, 0, 2, 0, 2, 0, 2, 0, 0, 2, 0, 2, 0, 2, 0, 2, 2, 2, 0, 2, 0, 2, 2, 2, 0, 0, 2, 0, 0, 0, 0, 0, 2, 2, 0, 2, 0, 2, 0, 2, 0, 0, 0, 2, 0, 2, 0, 0, 0, 0, 0, 0, 0, 0, 0, 2, 2, 0, 0, 2, 0, 0, 0, 2, 2, 0, 0, 0, 0, 0, 0, 0, 0, 2, 0, 0, 2, 0, 2, 0, 0, 0, 0, 2, 0, 2, 0, 2, 0, 2, 2, 2, 2, 0, 2, 0, 0, 0, 0, 0, 0, 0, 0, 2, 0, 2, 0, 2, 0, 0, 0, 2, 0, 0, 2, 0, 2, 0, 0, 0, 0, 0, 0, 2, 0, 2, 2, 0, 2, 0, 2, 2, 0, 0, 0, 2, 0, 0, 0, 0, 0, 2, 0, 2, 0, 2, 0, 0, 2, 0, 2, 0, 2, 0, 0, 2, 0, 2, 0, 0, 0, 0, 0, 0, 0, 2, 2, 0, 2, 2, 0, 2, 0, 2, 0, 2, 0, 2, 0, 2, 2, 2, 0, 2, 0, 0, 0, 0, 0, 2, 0, 2, 2, 0, 2, 2, 0, 0, 2, 0, 0, 2, 0, 0, 0, 0, 0, 0, 0, 2, 0, 2, 2, 0, 2, 0, 2, 0, 2, 0, 0, 0, 2, 0, 0, 0, 0, 0, 2, 0, 2, 2, 2, 0, 2, 0, 2, 0, 2, 0, 2, 0, 2, 2, 0, 0, 0, 0, 0, 2, 2, 0, 0, 2, 0, 0, 0, 2, 0, 2, 2, 2, 2, 0, 2, 0, 2, 2, 2, 0, 2, 0, 0, 0, 0, 0, 2, 0, 0, 2, 0, 0, 2, 2, 2, 0, 2, 0, 0, 2, 0, 2, 2, 0, 2, 0, 0, 2, 0, 0, 0, 0, 0, 0, 2, 2, 2, 0, 2, 2, 0, 0, 2, 0, 0, 2, 2, 0, 2, 0, 0, 2, 2, 0, 0, 0, 0, 2, 0, 2, 0, 0, 2, 2, 0, 2, 0, 0, 0, 0, 2, 0, 2, 0, 2, 2, 2, 0, 2, 0, 2, 0, 2, 0, 2, 2, 0, 2, 2, 0, 0, 2, 0, 0, 2, 0, 2, 2, 2, 0, 2, 0, 2, 2, 0, 2, 0, 2, 2, 2, 2, 0, 2, 0, 2, 0, 0, 0, 0, 0, 0, 2, 0, 2, 2, 0, 2, 0, 2, 0, 0, 2, 0, 2, 0, 0, 2, 0, 0, 2, 0, 2, 2, 2, 2, 2, 2, 0, 2, 2, 0, 0, 0, 2, 0, 2, 0, 2, 0, 0, 2, 2, 2, 0, 2, 2, 0, 0, 0, 0, 2, 0, 2, 0, 2, 2, 0, 2, 2, 2, 0, 2, 0, 0, 2, 0, 2, 2, 0, 0, 0, 2, 0, 2, 0, 2, 0, 2, 0, 0, 0, 2, 0, 2, 2, 0, 2, 2, 0, 2, 2, 2, 0, 0, 2, 2, 0, 2, 0, 2, 2, 0, 2, 0, 2, 0, 2, 0, 2, 0, 2, 2, 2, 2, 2, 2, 0, 2, 0, 0, 0, 2, 0, 0, 2, 0, 2, 2, 2, 0, 2, 0, 2, 0, 0, 2, 0, 2, 0, 2, 0, 2, 0, 2, 0, 2, 0, 2, 0, 2, 0, 2, 0, 2, 0, 2, 0, 2, 0, 2, 0, 2, 0, 2, 0, 2, 2, 2, 0, 2, 0, 0, 2, 2, 0, 2, 2, 0, 2, 0, 2, 0, 2, 0, 2, 2, 2, 0, 2, 0, 0, 2, 0, 2, 0, 2, 0, 0, 0, 0, 0, 2, 2, 2, 0, 0, 2, 0, 0, 2, 0, 2, 0, 2, 0, 2, 0, 2, 0, 2, 0, 0, 2, 0, 0, 0, 0, 1, 1, 1, 1, 1, 1, 1, 1, 1, 1, 1, 1, 1, 1, 1, 1, 1, 1, 1, 1, 1, 1, 1, 1, 1, 1, 1, 1, 1, 1, 1, 1, 1, 1, 1, 1, 1, 1, 1, 1, 1, 1, 1, 1, 1, 1, 1, 1, 1, 1, 1, 1, 1, 1, 1, 1, 1, 1, 1, 1, 1, 1, 1, 1, 1, 1, 1, 1, 1, 1, 1, 1, 1, 1, 1, 1, 1, 1, 1, 1, 1, 1, 1, 1, 1, 1, 1, 1, 1, 1, 1, 1, 1, 1, 1, 1, 1, 1, 1, 1, 1, 1, 1, 1, 1, 1, 1, 1, 1, 1, 1, 1, 1, 1, 1, 1, 1, 1, 1, 1, 1, 1, 1, 1, 1, 1, 1, 1, 1, 1, 1, 1, 1, 1, 1, 1, 1, 1, 1, 1, 1, 1, 1, 1, 1, 1, 1, 1, 1, 1, 1, 1, 1, 1, 1, 1, 1, 1, 1, 1, 1, 1, 1, 1, 1, 1, 1, 1, 1, 1, 1, 1, 1, 1, 1, 1, 1, 1, 1, 1, 1, 1, 1, 1, 1, 1, 1, 1, 1, 1, 1, 1, 1, 1, 1, 1, 1, 1, 1, 1, 1, 1, 1, 1, 1, 1, 1, 1, 1, 1, 1, 1, 1, 1, 1, 1, 1, 1, 1, 1, 1, 1, 1, 1, 1, 1, 1, 1, 1, 1, 1, 1, 1, 1, 1, 1, 1, 1, 1, 1, 1, 1, 1, 1, 1, 1, 1, 1, 1, 1, 1, 1, 1, 1, 1, 1, 1, 1, 1, 1, 1, 1, 1, 1, 1, 1, 1, 1, 1, 1, 1, 1, 1, 1, 1, 1, 1, 1, 1, 1, 1, 1, 1, 1, 1, 1, 1, 1, 1, 1, 1, 1, 1, 1, 1, 1, 1, 1, 1, 1, 1, 1, 1, 1, 1, 1, 1, 1, 1, 1, 1, 1, 1, 1, 1, 1, 1, 1, 1, 1, 1, 1, 1, 1, 1, 1, 1, 1, 1, 1, 1, 1, 1, 1, 1, 1, 1, 1, 1, 1, 1, 1, 1, 1, 1, 1, 1, 1, 1, 1, 1, 1, 1, 1, 1, 1, 1, 1, 1, 1, 1, 1, 1, 1, 1, 1, 1, 1, 1, 1, 1, 1, 1, 1, 1, 1, 1, 1, 1, 1, 1, 1, 1, 1, 1, 1, 1, 1, 1, 1, 1, 1, 1, 1, 1, 1, 1, 1, 1, 1, 1, 1, 1, 1, 1, 1, 1, 1, 1, 1, 1, 1, 1, 1, 1, 1, 1, 1, 1, 1, 1, 1, 1, 1, 1, 1, 1, 1, 1, 1, 1, 1, 1, 1, 1, 1, 1, 1, 1, 1, 1, 1, 1, 1, 1, 1, 1, 1, 1, 1, 1, 1, 1, 1, 1, 1, 1, 1, 1, 1, 1, 1, 1, 1, 1, 1, 1, 1, 1, 1, 1, 1, 1, 1, 1, 1, 1, 1, 1, 1, 1, 1, 1, 1, 1, 1, 1, 1, 1, 1, 1, 1, 1, 1, 1, 1, 1, 1, 1, 1, 1, 1, 1, 1, 1, 1, 1, 1, 1, 1, 1, 1, 1, 1, 1, 1, 1, 1, 1, 1, 1, 1, 1, 1, 1, 1, 1, 1, 1, 1, 1, 1, 1, 1, 1, 1, 1, 1, 1, 1, 1, 1, 1, 1, 1, 1, 1, 1, 1, 1, 1, 1, 1, 1, 1, 1, 1, 1, 1, 1, 1, 1, 1, 1, 1, 1, 1, 1, 1, 1, 1, 1, 1, 1, 1, 1, 1, 1, 1, 1, 1, 1, 1, 1, 1, 1, 1, 1, 1, 1, 1, 1, 1, 1, 1, 1, 1, 1, 1, 1, 1, 1, 1, 1, 1, 1, 1, 1, 1, 1, 1, 1, 1, 1, 1, 1, 1, 1, 1, 1, 1, 1, 1, 1, 1, 1, 1, 1, 1, 1, 1, 1, 1, 1, 1, 1, 1, 1, 1, 1, 1, 1, 1, 1, 1, 1, 1, 1, 1, 1, 1, 1, 1, 1, 1, 1, 1, 1, 1, 1, 1, 1, 1, 1, 1, 1, 1, 1, 1, 1, 1, 1, 1, 1, 1, 1, 1, 1, 1, 1, 1, 1, 1, 1, 1, 1, 1, 1, 1, 1, 1, 1, 1, 1, 1, 1, 1, 1, 1, 1, 1, 1, 1, 1, 1, 1, 1, 1, 1, 1, 1, 1, 1, 1, 1, 1, 1, 1, 1, 1, 1, 1, 1, 1, 1, 1, 1, 1, 1, 1, 1, 1, 1, 1, 1, 1, 1, 1, 1, 1, 1, 1, 1, 1, 1, 1, 1, 1, 1, 1, 1, 1, 1, 1, 1, 1, 1, 1, 1, 1, 1, 1, 1, 1, 1, 1, 1, 1, 1, 1, 1, 1, 1, 1, 1, 1, 1, 1, 1, 1, 1, 1, 1, 1, 1, 1, 1, 1, 1, 1, 1, 1, 1, 1, 1, 1, 1, 1, 1, 1, 1, 1, 1, 1, 1, 1, 1, 1, 1, 1, 1, 1, 1, 1, 1, 1, 1, 1, 1, 1, 1, 1, 1, 1, 1, 1, 1, 1, 1, 1, 1, 1, 1, 1, 1, 1, 1, 1, 1, 1, 1, 1, 1, 1, 1, 1, 1, 1, 1, 1, 1, 1, 1, 1, 1, 1, 1, 1, 1, 1, 1, 1, 1, 1, 1, 1, 1, 1, 1, 1, 1, 1, 1, 1, 1, 1, 1, 1, 1, 1, 1, 1, 1, 1, 1, 1, 1, 1, 1, 1, 1, 1, 1, 1, 1, 1, 1, 1, 1, 1, 1, 1, 1, 1, 1, 1, 1, 1, 1, 1, 1, 1, 1, 1, 1, 1, 1, 1, 1, 1, 1, 1, 1, 1, 1, 1, 1, 1, 1, 1, 1, 1, 1, 1, 1, 1, 1, 1, 1, 1, 1, 1, 1, 1, 1, 1, 1, 1, 1, 1, 1, 1, 1, 1, 1, 1, 1, 1, 1, 1, 1, 1, 1, 1, 1, 1, 1, 1, 1, 1, 1, 1, 1, 1, 1, 1, 1, 1, 1, 1, 1, 1, 1, 1, 1, 1, 1, 1, 1, 1, 1, 1, 1, 1, 1, 1, 1, 1, 1, 1, 1, 1, 1, 1, 1, 1, 1, 1, 1, 1, 1, 1, 1, 1, 1, 1, 1, 1, 1, 1, 1, 1, 1, 1, 1, 1, 1, 1, 1, 1, 1, 1, 1, 1, 1, 1, 1, 1, 1, 1, 1, 1, 1, 1, 1, 1, 1, 1, 1, 1, 1, 1, 1, 1, 1, 1, 1, 1, 1, 1, 1, 1, 1, 1, 1, 1, 1, 1, 1, 1, 1, 1, 1, 1, 1, 1, 1, 1, 1, 1, 1, 1, 1, 1, 1, 1, 1, 1, 1, 1, 1, 1, 1, 1, 1, 1, 1, 1, 1, 1, 1, 1, 1, 1, 1, 1, 1, 1, 1, 1, 1, 1, 1, 1, 1, 1, 1, 1, 1, 1, 1, 1, 1, 1, 1, 1, 1, 1, 1, 1, 1, 1, 1, 1, 1, 1, 1, 1, 1, 1, 1, 1, 1, 1, 1, 1, 1, 1, 1, 1, 1, 1, 1, 1, 1, 1, 1, 1, 1, 1, 1, 1, 1, 1, 1, 1, 1, 1, 1, 1, 1, 1, 1, 1, 1, 1, 1, 1, 1, 1, 1, 1, 1, 1, 1, 1, 1, 1, 1, 2, 2, 2, 2, 2, 2, 2, 2, 2, 2, 2, 2, 2, 2, 2, 2, 2, 2, 2, 2, 2, 2, 2, 2, 2, 2, 2, 2, 2, 2, 2, 2, 2, 2, 2, 2, 2, 2, 2, 2, 2, 2, 2, 2, 2, 2, 2, 2, 2, 2, 2, 2, 2, 2, 2, 2, 2, 2, 2, 2, 2, 2, 2, 2, 2, 2, 2, 2, 2, 2, 2, 2, 2, 2, 2, 2, 2, 2, 2, 2, 2, 2, 2, 2, 2, 2, 2, 2, 2, 2, 2, 2, 2, 2, 2, 2, 2, 2, 2, 2, 2, 2, 2, 2, 2, 2, 2, 2, 2, 2, 2, 2, 2, 2, 2, 2, 2, 2, 2, 2, 2, 2, 2, 2, 2, 2, 2, 2, 2, 2, 2, 2, 2, 2, 2, 2, 2, 2, 2, 2, 2, 2, 2, 2, 2, 2, 2, 2, 2, 2, 2, 2, 2, 2, 2, 2, 2, 2, 2, 2, 2, 2, 2, 2, 2, 2, 2, 2, 2, 2, 2, 2, 2, 2, 2, 2, 2, 2, 2, 2, 2, 2, 2, 2, 2, 2, 2, 2, 2, 2, 2, 2, 2, 2, 2, 2, 2, 2, 2, 2, 2, 2, 2, 2, 2, 2, 2, 2, 2, 2, 2, 2, 2, 2, 2, 2, 2, 2, 2, 2, 2, 2, 2, 2, 2, 2, 2, 2, 2, 2, 2, 2, 2, 2, 2, 2, 2, 2, 2, 2, 2, 2, 2, 2, 2, 2, 2, 2, 2, 2, 2, 2, 2, 2, 2, 2, 2, 2, 2, 2, 2, 2, 2, 2, 2, 2, 2, 2, 2, 2, 2, 2, 2, 2, 2, 2, 2, 2, 2, 2, 2, 2, 2, 2, 2, 2, 2, 2, 2, 2, 2, 2, 2, 2, 2, 2, 2, 2, 2, 2, 2, 2, 2, 2, 2, 2, 2, 2, 2, 2, 2, 2, 2, 2, 2, 2, 2, 2, 2, 2, 2, 2, 2, 2, 2, 2, 2, 2, 2, 2, 2, 2, 2, 2, 2, 2, 2, 2, 2, 2, 2, 2, 2, 2, 2, 2, 2, 2, 2, 2, 2, 2, 2, 2, 2, 2, 2, 2, 2, 2, 2, 2, 2, 2, 2, 2, 2, 2, 2, 2, 2, 2, 2, 2, 2, 2, 2, 2, 2, 2, 2, 2, 2, 2, 2, 2, 2, 2, 2, 2, 2, 2, 2, 2, 2, 2, 2, 2, 2, 2, 2, 2, 2, 2, 2, 2, 2, 2, 2, 2, 2, 2, 2, 2, 2, 2, 2, 2, 2, 2, 2, 2, 2, 2, 2, 2, 2, 2, 2, 2, 2, 2, 2, 2, 2, 2, 2, 2, 2, 2, 2, 2, 2, 2, 2, 2, 2, 2, 2, 2, 2, 2, 2, 2, 2, 2, 2, 2, 2, 2, 2, 2, 2, 2, 2, 2, 2, 2, 2, 2, 2, 2, 2, 2, 2, 2, 2, 2, 2, 2, 2, 2, 2, 2, 2, 2, 2, 2, 2, 2, 2, 2, 2, 2, 2, 2, 2, 2, 2, 2, 2, 2, 2, 2, 2, 2, 2, 2, 2, 2, 2, 2, 2, 2, 2, 2, 2, 2, 2, 2, 2, 2, 2, 2, 2, 2, 2, 2, 2, 2, 2, 2, 2, 2, 2, 2, 2, 2, 2, 2, 2, 2, 2, 2, 2, 2, 2, 2, 2, 2, 2, 2, 2, 2, 2, 2, 2, 2, 2, 2, 2, 2, 2, 2, 2, 2, 2, 2, 2, 2, 2, 2, 2, 2, 2, 2, 2, 2, 2, 2, 2, 2, 2, 2, 2, 2, 2, 2, 2, 2, 2, 2, 2, 2, 2, 2, 2, 2, 2, 2, 2, 2, 2, 2, 2, 2, 2, 2, 2, 2, 2, 2, 2, 2, 2, 2, 2, 2, 2, 2, 2, 2, 2, 2, 2, 2, 2, 2, 2, 2, 2, 2, 2, 2, 2, 2, 2, 2, 2, 2, 2, 2, 2, 2, 2, 2, 2, 2, 2, 2, 2, 2, 2, 2, 2, 2, 2, 2, 2, 2, 2, 2, 2, 2, 2, 2, 2, 2, 2, 2, 2, 2, 2, 2, 2, 2, 2, 2, 2, 2, 2, 2, 2, 2, 2, 2, 2, 2, 2, 2, 2, 2, 2, 2, 2, 2, 2, 2, 2, 2, 2, 2, 2, 2, 2, 2, 2, 2, 2, 2, 2, 2, 2, 2, 2, 2, 2, 2, 2, 2, 2, 2, 2, 2, 2, 2, 2, 2, 2, 2, 2, 2, 2, 2, 2, 2, 2, 2, 2, 2, 2, 2, 2, 2, 2, 2, 2, 2, 2, 2, 2, 2, 2, 2, 2, 2, 2, 2, 2, 2, 2, 2, 2, 2, 2, 2, 2, 2, 2, 2, 2, 2, 2, 2, 2, 2, 2, 2, 2, 2, 2, 2, 2, 2, 2, 2, 2, 2, 2, 2, 2, 2, 2, 2, 2, 2, 2, 2, 2, 2, 2, 2, 2, 2, 2, 2, 2, 2, 2, 2, 2, 2, 2, 2, 2, 2, 2, 2, 2, 2, 2, 2, 2, 2, 2, 2, 2, 2, 2, 2, 2, 2, 2, 2, 2, 2, 2, 2, 2, 2, 2, 2, 2, 2, 2, 2, 2, 2, 2, 2, 2, 2, 2, 2, 2, 2, 2, 2, 2, 2, 2, 2, 2, 2, 2, 2, 2, 2, 2, 2, 2, 2, 2, 2, 2, 2, 2, 2, 2, 2, 2, 2, 2, 2, 2, 2, 2, 2, 2, 2, 2, 2, 2, 2, 2, 2, 2, 2, 2, 2, 2, 2, 2, 2, 2, 2, 2, 2, 2, 2, 2, 2, 2, 2, 2, 2, 2, 2, 2, 2, 2, 2, 2, 2, 2, 2, 2, 2, 2, 2, 2, 2, 2, 2, 2, 2, 2, 2, 2, 2, 2, 2, 2, 2, 2, 2, 2, 2, 2, 2, 2, 2, 2, 2, 2, 2, 2, 2, 2, 2, 2, 2, 2, 2, 2, 2, 2, 2, 2, 2, 2, 2, 2, 2, 2, 2, 2, 2, 2, 2, 2, 2, 2, 2, 2, 2, 2, 2, 2, 2, 2, 2, 2, 2, 2, 2, 2, 2, 2, 2, 2, 2, 2, 2, 2, 2, 2, 2, 2, 2, 2, 2, 2, 2, 2, 2, 2, 2, 2, 2, 2, 2, 2, 2, 2, 2, 2, 2, 2, 2, 2, 2, 2, 2, 2, 2, 2, 2, 2, 2, 2, 2, 2, 2, 2, 2, 2, 2, 2, 2, 2, 2, 2, 2, 2, 2, 2, 2, 2, 2, 2, 2, 2, 2, 2, 2, 2, 2, 2, 2, 2, 2, 2, 2, 2, 2, 2, 2, 2, 2, 2, 2, 2, 2, 2, 2, 2, 2, 2, 2, 2, 2, 2, 2, 2, 2, 2, 2, 2, 2, 2, 2, 2, 2, 2, 2, 2, 2, 2, 2, 2, 2, 2, 2, 2, 2, 2, 2, 2, 2, 2, 2, 2, 2, 2, 2, 2, 2, 2, 2, 2, 2, 2, 2, 2, 2, 2, 2, 2, 2, 2, 2, 2, 2, 2, 2, 2, 2, 2, 2, 2, 2, 2, 2, 2, 2, 2, 2, 2, 2, 2, 2, 2, 2, 2, 2, 2, 2, 2, 2, 2, 2, 2, 2, 2, 2, 2, 2, 2, 2, 2, 2, 2, 2, 2]), np.array([[0.36225774302956204, 0.17689105579522782, 0.46085120117521017], [0.38053387628668184, 0.15583190767565772, 0.4636342160376602], [0.40632361062140476, 0.2242338633588634, 0.3694425260197318], [0.4300339529751296, 0.08688035534726712, 0.48308569167760324], [0.49233776710905197, 0.0701800049365839, 0.4374822279543643], [0.44664424253936663, 0.10199569037988156, 0.451360067080752], [0.41811561328463404, 0.22462326786775327, 0.35726111884761275], [0.43033754302402927, 0.14774178308006886, 0.4219206738959019], [0.3301354883077019, 0.2978305785202071, 0.37203393317209105], [0.41103003663433246, 0.21526069477907725, 0.3737092685865903], [0.4143297403383512, 0.22420505789575063, 0.36146520176589836], [0.37237760709204104, 0.3478758284199462, 0.2797465644880127], [0.38573449379138247, 0.2638922553087608, 0.35037325089985694], [0.42683615959419, 0.13756685389773626, 0.4355969865080737], [0.3919027981285143, 0.18568931712207637, 0.4224078847494093], [0.3775592289547402, 0.19838890623265612, 0.4240518648126039], [0.4288886247374053, 0.1284806914898827, 0.44263068377271186], [0.37476884920634923, 0.27299468974652813, 0.35223646104712286], [0.4499134929290694, 0.11977577630702635, 0.43031073076390425], [0.4505883897878868, 0.17478462611734674, 0.3746269840947665], [0.3971863853058709, 0.13553725645269768, 0.46727635824143177], [0.3879716627649099, 0.13347167069042076, 0.47855666654466966], [0.42780032432093207, 0.20895082409420637, 0.36324885158486153], [0.4117613283903922, 0.12846191655566658, 0.4597767550539414], [0.3849161953242834, 0.23322736419282467, 0.38185644048289175], [0.39872729353979364, 0.1885620910951794, 0.41271061536502723], [0.4870023473580942, 0.11081975821091529, 0.4021778944309904], [0.43434988155334525, 0.22339236233537704, 0.3422577561112778], [0.45108199051765235, 0.1448265841593048, 0.4040914253230426], [0.37836680566595426, 0.30753583712039595, 0.31409735721364984], [0.3970494074960987, 0.2477546175229999, 0.35519597498090155], [0.3350066694463949, 0.35936950151027164, 0.3056238290433336], [0.37957507825851494, 0.1656758154019184, 0.4547491063395669], [0.3771535577747845, 0.19175892265414315, 0.4310875195710722], [0.36387183709823034, 0.2855033830978106, 0.3506247798039594], [0.3793461695683058, 0.2668008282996674, 0.353853002132027], [0.39465403054547776, 0.23142209066947853, 0.37392387878504374], [0.3878168886604453, 0.2139968061908851, 0.39818630514866954], [0.3202343859163713, 0.36431800899264116, 0.31544760509098735], [0.405519598865187, 0.218147441610677, 0.3763329595241359], [0.4044715228442009, 0.19259468309468317, 0.40293379406111596], [0.3887828262423851, 0.15360673354423357, 0.4576104402133817], [0.42584573728430164, 0.14363418183338855, 0.43052008088230953], [0.33653591363701657, 0.33353986148655274, 0.3299242248764308], [0.4072588651888187, 0.16099864126886193, 0.4317424935423197], [0.44191495912713014, 0.1436900874323475, 0.4143949534405222], [0.4234957838321808, 0.24993579072071712, 0.32656842544710185], [0.42211108795745006, 0.14066354876203951, 0.43722536328051037], [0.38199408767616966, 0.2725744158232549, 0.3454314965005756], [0.38942946126585837, 0.3065422253400196, 0.30402831339412223], [0.3905236945072473, 0.15973741923925755, 0.4497388862534953], [0.3815362416973293, 0.2085153998800478, 0.40994835842262306], [0.4461682110781375, 0.15025541472416473, 0.4035763741976976], [0.30900710759398853, 0.34143484169983784, 0.3495580507061737], [0.3917134190222554, 0.1585998633719222, 0.44968671760582235], [0.3858120090693618, 0.2288863913863915, 0.38530159954424653], [0.4448081328393829, 0.10955785452292804, 0.44563401263768915], [0.3624248965903378, 0.2996576000193329, 0.33791750339032944], [0.495790638626939, 0.10149658602706206, 0.402712775345999], [0.4386998153527762, 0.1510225905630317, 0.41027759408419207], [0.41178264070166165, 0.23076398458567585, 0.35745337471266253], [0.40374077498438943, 0.3035324020342404, 0.29272682298137026], [0.29510594528880135, 0.3594911899783224, 0.3454028647328763], [0.42498261295378176, 0.22040108426360358, 0.35461630278261447], [0.3396460569981275, 0.28078900348018004, 0.3795649395216925], [0.3807334783272285, 0.2165253114940615, 0.4027412101787102], [0.41110799515027446, 0.2711265974629946, 0.3177654073867309], [0.40131544006389214, 0.17549762655645007, 0.42318693337965774], [0.30947932240618004, 0.3624130357946149, 0.3281076417992054], [0.43225878669618994, 0.16441871351043175, 0.4033224997933782], [0.41346159115866926, 0.20902225735865446, 0.3775161514826763], [0.40862355863091165, 0.2358870278113699, 0.3554894135577187], [0.42642931149732655, 0.22904022590971126, 0.3445304625929625], [0.42444189753100336, 0.24335035929627646, 0.3322077431727201], [0.40599716643650474, 0.1802395535428624, 0.41376328002063284], [0.3688646076146076, 0.20238364903070793, 0.4287517433546844], [0.31027936253632854, 0.30386638455069187, 0.3858542529129798], [0.39254028793918505, 0.16324713644198938, 0.4442125756188253], [0.43337603209913567, 0.21257392803919514, 0.35405003986166905], [0.32994510452782533, 0.35657285810594624, 0.31348203736622865], [0.43124217927110736, 0.12758384079156135, 0.4411739799373315], [0.44183746869960133, 0.11127554371424264, 0.44688698758615636], [0.42463559824463454, 0.15846988530260597, 0.41689451645275954], [0.38370052680162986, 0.1464730324822237, 0.46982644071614693], [0.38746119505494503, 0.19903255221086114, 0.4135062527341939], [0.42446507031839853, 0.21813091830555068, 0.357404011376051], [0.4324842750666089, 0.1125095504985211, 0.4550061744348702], [0.3969448805301167, 0.271940155024714, 0.3311149644451695], [0.42610260669413114, 0.13282864613456724, 0.4410687471713016], [0.4136548763736264, 0.20135018320602693, 0.3849949404203466], [0.43942274856206737, 0.16972206123125236, 0.39085519020668025], [0.3507050343447403, 0.31210555769050363, 0.33718940796475644], [0.3731825773663042, 0.23374398824215015, 0.3930734343915458], [0.379728370636072, 0.2436829866362567, 0.37658864272767134], [0.3996177649964416, 0.31639431244905997, 0.2839879225544987], [0.38109776401359213, 0.14880135224252874, 0.4701008837438792], [0.4400801604441312, 0.13487983360593653, 0.4250400059499323], [0.34806684478017685, 0.3218020309368995, 0.3301311242829237], [0.3948774154122453, 0.2675009856522048, 0.3376215989355502], [0.47402559960464374, 0.12317832596325246, 0.40279607443210386], [0.39125430553923174, 0.17714179730443277, 0.4316038971563349], [0.462994722189575, 0.10432045611393438, 0.43268482169649053], [0.3635777080676463, 0.25925433776749574, 0.3771679541648584], [0.3592372653898389, 0.29188775297415004, 0.34887498163601127], [0.35301530709357737, 0.3216117932742351, 0.3253728996321875], [0.3695141212953712, 0.3370113007907127, 0.2934745779139161], [0.45482591183326493, 0.12632594754102106, 0.41884814062571385], [0.41688473026156847, 0.19302135711510718, 0.39009391262332427], [0.3755215003005253, 0.32665813037581626, 0.2978203693236587], [0.3844084031830743, 0.2898738674466228, 0.325717729370303], [0.3968209621261093, 0.19948150909547985, 0.40369752877841114], [0.37285856565819814, 0.2592003845827374, 0.36794104975906455], [0.3740790689573585, 0.3016592009963721, 0.3242617300462695], [0.39260545602273567, 0.17395682893229253, 0.433437715044972], [0.3785821937457969, 0.2943065806742278, 0.3271112255799756], [0.4005254434341628, 0.2052301193052473, 0.3942444372605901], [0.37792413785549656, 0.25634171777085113, 0.3657341443736526], [0.35230117414405365, 0.23970188184923102, 0.40799694400671555], [0.36757631910573074, 0.24577099090924562, 0.3866526899850237], [0.39511645712603527, 0.1843188716920335, 0.42056467118193125], [0.40364699454956826, 0.22939476944624018, 0.3669582360041918], [0.3527076024465732, 0.3101265115603352, 0.3371658859930919], [0.3898424732946792, 0.23861935654215077, 0.37153817016317026], [0.3905907275236803, 0.252932739645975, 0.3564765328303448], [0.32396267621267616, 0.32782449494949506, 0.34821282883782884], [0.46171699568061825, 0.14258883130758132, 0.39569417301180076], [0.41004923609886856, 0.15490245518370518, 0.4350483087174264], [0.44664580123394004, 0.11755624888742146, 0.4357979498786386], [0.3733071740351154, 0.2699173253646938, 0.3567755006001909], [0.3721500350677014, 0.2311078362427047, 0.396742128689594], [0.459606724662936, 0.10640976833623897, 0.43398350700082516], [0.4155906563766473, 0.16050683405646646, 0.4239025095668865], [0.4121157769926155, 0.24223917606086734, 0.34564504694651743], [0.43215318607046554, 0.16887824430471496, 0.39896856962481975], [0.3699083719857717, 0.17477809669905267, 0.45531353131517605], [0.3935765786823255, 0.17533548396048398, 0.4310879373571905], [0.4459656750842897, 0.1621659678041257, 0.39186835711158474], [0.38504350108955376, 0.20189013946579742, 0.4130663594446489], [0.4119210679026857, 0.2091265446155153, 0.37895238748179916], [0.4403038981357479, 0.20169687216378399, 0.357999229700468], [0.4267742138000459, 0.1512467207929669, 0.4219790654069873], [0.4575834692590686, 0.16645200755827602, 0.37596452318265494], [0.4410345765345766, 0.14424327408702411, 0.41472214937839946], [0.4433863642629711, 0.16492915826004065, 0.3916844774769882], [0.4052025056556793, 0.23909756766925885, 0.35569992667506223], [0.3562072791759326, 0.36499836694738, 0.27879435387668744], [0.3763605195221875, 0.20037035635932693, 0.4232691241184856], [0.3974562943184266, 0.16691820679320682, 0.43562549888836655], [0.35431964910089925, 0.3006653218105424, 0.34501502908855847], [0.39041610144615285, 0.24229929445554452, 0.36728460409830305], [0.39006826561596286, 0.2178124226242454, 0.3921193117597918], [0.4009894230081922, 0.20926031811325926, 0.38975025887854864], [0.44481486861092107, 0.1165176259499015, 0.4386675054391775], [0.4515602155197746, 0.08973761675416089, 0.4587021677260647], [0.45077987698575894, 0.1454367770709683, 0.4037833459432725], [0.33694614801048656, 0.3421571494273701, 0.32089670256214364], [0.3933614383968024, 0.12993164378695743, 0.4767069178162401], [0.3296703561746132, 0.2961351323792308, 0.37419451144615606], [0.3347065865098955, 0.31022027298681715, 0.3550731405032873], [0.35578195782975186, 0.26848909219865125, 0.375728949971597], [0.3831071181570409, 0.19201442776994246, 0.4248784540730168], [0.35549520761101655, 0.210791666258578, 0.43371312613040586], [0.3904238008723306, 0.15018292981528275, 0.4593932693123868], [0.42773340670767157, 0.1668350787284611, 0.4054315145638675], [0.4570048376868231, 0.09242601842601844, 0.45056914388715863], [0.5024184041362832, 0.13088750934522994, 0.3666940865184867], [0.45597802434437573, 0.09513415148448043, 0.4488878241711437], [0.40372510011703083, 0.22170060291016178, 0.37457429697280714], [0.4493747539762438, 0.1794885231727338, 0.37113672285102256], [0.3680586058785557, 0.35726215884004203, 0.2746792352814025], [0.39277382870397565, 0.3031923306419243, 0.3040338406541], [0.4143814627172793, 0.25027768953024293, 0.3353408477524781], [0.3766058050982125, 0.3814006797497047, 0.2419935151520831], [0.4541599887153126, 0.18282173097211715, 0.36301828031257044], [0.3954966535227759, 0.28944282325861276, 0.3150605232186115], [0.3558559224036199, 0.3337240596413391, 0.31042001795504115], [0.3935683367737354, 0.3158003657097117, 0.2906312975165529], [0.3511104587921539, 0.3395922484270975, 0.30929729278074863], [0.4287969875626609, 0.19331494934803758, 0.3778880630893014], [0.4067974442675485, 0.2072265921857641, 0.3859759635466873], [0.44047150966723353, 0.1513305735264907, 0.40819791680627604], [0.3455454500564795, 0.23688491165697065, 0.4175696382865502], [0.3374806562868677, 0.3205693542568544, 0.34194998945627797], [0.3541957069203587, 0.32890882463125104, 0.31689546844839034], [0.384757212637593, 0.3001499601619572, 0.3150928272004501], [0.3349160019869191, 0.33432297559251906, 0.330761022420562], [0.35980728919128696, 0.3363605367693022, 0.303832174039411], [0.39628777180421915, 0.23843545792442847, 0.36527677027135236], [0.48496899322083153, 0.08650264359823184, 0.4285283631809367], [0.3694490141244205, 0.22099116803818808, 0.4095598178373913], [0.3684846821887263, 0.2446560641156231, 0.3868592536956507], [0.39169470990610705, 0.1888236520424021, 0.41948163805149113], [0.4277814454637209, 0.24734730914510336, 0.32487124539117573], [0.40289499715970317, 0.20887461802902985, 0.3882303848112671], [0.4427369552424697, 0.1253003336532748, 0.43196271110425527], [0.3719467112946805, 0.28084253879991034, 0.34721074990540934], [0.41311577352386186, 0.15785330151874274, 0.42903092495739537], [0.44463968996689596, 0.21456977193558072, 0.3407905380975233], [0.42098192254297134, 0.20661090482230196, 0.3724071726347269], [0.3325396231982709, 0.19395720890951157, 0.4735031678922178], [0.37238526914262216, 0.2437937691393573, 0.3838209617180205], [0.4047446326678139, 0.22658834058098762, 0.3686670267511986], [0.45151769003055764, 0.15324335448048682, 0.3952389554889557], [0.3852461498232592, 0.27427191810812174, 0.3404819320686193], [0.3892850501321862, 0.3344042887152407, 0.276310661152573], [0.37594488373039076, 0.2974285752517179, 0.32662654101789174], [0.4286965605881046, 0.2685570765019294, 0.302746362909966], [0.3506573011611711, 0.2328810940628858, 0.4164616047759431], [0.3465293848308552, 0.28465485882581476, 0.36881575634332997], [0.36205487173859857, 0.32532585864213187, 0.3126192696192698], [0.35032688247210325, 0.35278048906502874, 0.2968926284628684], [0.4114115609622577, 0.19135544806500696, 0.3972329909727355], [0.3734603582159528, 0.18309852261442736, 0.4434411191696201], [0.3811498636167751, 0.3058602773860127, 0.312989858997212], [0.33900584257288985, 0.27635533522849703, 0.38463882219861334], [0.38841029584450626, 0.25965760628260637, 0.3519320978728872], [0.36724586660974057, 0.27701095881242943, 0.35574317457783017], [0.4221112790395877, 0.15451224469974476, 0.42337647626066754], [0.4495351781001935, 0.12320688155798454, 0.427257940341822], [0.4551204680238661, 0.10622617757704077, 0.43865335439909314], [0.35420930639922527, 0.2474628022154145, 0.39832789138536034], [0.36157831357454046, 0.32238799619498154, 0.31603369023047795], [0.4450494580990905, 0.13176712707227417, 0.42318341482863536], [0.384230121336352, 0.24205601741524732, 0.37371386124840056], [0.3722824057070382, 0.3491539035439965, 0.2785636907489654], [0.4439853037077298, 0.10894955738705742, 0.44706513890521277], [0.3391930740935193, 0.3057245697414042, 0.3550823561650766], [0.4694393845533552, 0.09415730450105451, 0.43640331094559043], [0.3636053048258931, 0.36641623572505927, 0.2699784594490478], [0.37986483260032017, 0.203803547007688, 0.4163316203919918], [0.36088711736534884, 0.31166395168513994, 0.3274489309495117], [0.4855535440866325, 0.15927231408297587, 0.3551741418303918], [0.4155536316538641, 0.17018695295717357, 0.4142594153889625], [0.4095536632485166, 0.22118673483379364, 0.3692596019176902], [0.42625074407446695, 0.1377548706346114, 0.4359943852909218], [0.3345489653857496, 0.3701290264495566, 0.29532200816469384], [0.3825020690094221, 0.26818744388781146, 0.34931048710276663], [0.40