{
 "cells": [
  {
   "cell_type": "markdown",
   "id": "64560c58",
   "metadata": {},
   "source": [
    "\n",
    "        # Run 7\n",
    "\n",
    "        ## Parameters\n",
    "        ```\n",
    "        {\n",
    "    \"bootstrap\": true,\n",
    "    \"ccp_alpha\": 0.0,\n",
    "    \"class_weight\": null,\n",
    "    \"criterion\": \"gini\",\n",
    "    \"max_depth\": 30,\n",
    "    \"max_features\": \"log2\",\n",
    "    \"max_leaf_nodes\": null,\n",
    "    \"max_samples\": null,\n",
    "    \"min_impurity_decrease\": 0.0,\n",
    "    \"min_samples_leaf\": 1,\n",
    "    \"min_samples_split\": 2,\n",
    "    \"min_weight_fraction_leaf\": 0.0,\n",
    "    \"monotonic_cst\": null,\n",
    "    \"n_estimators\": 800,\n",
    "    \"n_jobs\": null,\n",
    "    \"oob_score\": false,\n",
    "    \"random_state\": 42,\n",
    "    \"verbose\": 0,\n",
    "    \"warm_start\": false\n",
    "}\n",
    "        ```\n",
    "\n",
    "        ## Scores\n",
    "        ```\n",
    "        Train ROC-AUC: 0.704830102016904\n",
    "        Validation ROC-AUC (Cross-Validation): 0.8672058823529412\n",
    "        Validation ROC-AUC: 0.6769352630049469\n",
    "        Test ROC-AUC: 0.7070710492858461\n",
    "        ```\n",
    "\n",
    "        ## Graphs\n",
    "        "
   ]
  },
  {
   "cell_type": "code",
   "execution_count": null,
   "id": "4cfabb5b",
   "metadata": {},
   "outputs": [],
   "source": [
    "\n",
    "import matplotlib.pyplot as plt\n",
    "import seaborn as sns\n",
    "from sklearn.metrics import roc_curve, auc, classification_report\n",
    "import numpy as np\n",
    "\n",
    "def plot_roc_curve(y_true, y_score, class_names, title='ROC Curve'):\n",
    "    plt.figure()\n",
    "    for i, class_name in enumerate(class_names):\n",
    "        fpr, tpr, _ = roc_curve(y_true == i, y_score[:, i])\n",
    "        roc_auc = auc(fpr, tpr)\n",
    "        plt.plot(fpr, tpr, label=f'ROC curve of class {class_name} (area = {roc_auc:.2f})')\n",
    "    plt.plot([0, 1], [0, 1], 'k--')\n",
    "    plt.xlim([0.0, 1.0])\n",
    "    plt.ylim([0.0, 1.05])\n",
    "    plt.xlabel('False Positive Rate')\n",
    "    plt.ylabel('True Positive Rate')\n",
    "    plt.title(title)\n",
    "    plt.legend(loc=\"lower right\")\n",
    "    plt.show()\n",
    "\n",
    "def plot_class_distribution(labels, class_names, title='Class Distribution'):\n",
    "    plt.figure()\n",
    "    sns.countplot(labels)\n",
    "    plt.title(title)\n",
    "    plt.xlabel('Classes')\n",
    "    plt.ylabel('Counts')\n",
    "    plt.xticks(ticks=np.arange(len(class_names)), labels=class_names)\n",
    "    plt.show()\n",
    "\n",
    "# Classes\n",
    "class_names = ['NORMAL', 'BACTERIA', 'VIRUS']\n",
    "\n",
    "# Plot ROC curves\n",
    "plot_roc_curve(np.array([1, 1, 1, 1, 1, 1, 1, 1, 1, 1, 1, 1, 1, 1, 1, 1, 1, 1, 1, 1, 1, 1, 1, 1, 1, 1, 1, 1, 1, 1, 1, 1, 1, 1, 1, 1, 1, 1, 1, 1, 1, 1, 1, 1, 1, 1, 1, 1, 1, 1, 1, 1, 1, 1, 1, 1, 1, 1, 1, 1, 1, 1, 1, 1, 1, 1, 1, 1, 1, 1, 1, 1, 1, 1, 1, 1, 1, 1, 1, 1, 1, 1, 1, 1, 1, 1, 1, 1, 1, 1, 1, 1, 1, 1, 1, 1, 1, 1, 1, 1, 1, 1, 1, 1, 1, 1, 1, 1, 1, 1, 1, 1, 1, 1, 1, 1, 1, 1, 1, 1, 1, 1, 1, 1, 1, 1, 1, 1, 1, 1, 1, 1, 1, 1, 1, 1, 1, 1, 1, 1, 1, 1, 1, 1, 1, 1, 1, 1, 1, 1, 1, 1, 1, 1, 1, 1, 1, 1, 1, 1, 1, 1, 1, 1, 1, 1, 1, 1, 1, 1, 1, 1, 1, 1, 1, 1, 1, 1, 1, 1, 1, 1, 1, 1, 1, 1, 1, 1, 1, 1, 1, 1, 1, 1, 1, 1, 1, 1, 1, 1, 1, 1, 1, 1, 1, 1, 1, 1, 1, 1, 1, 1, 1, 1, 1, 1, 1, 1, 1, 1, 1, 1, 1, 1, 1, 1, 1, 1, 1, 1, 1, 1, 1, 1, 1, 1, 1, 1, 1, 1, 1, 1, 1, 1, 1, 1, 1, 1, 1, 1, 1, 1, 1, 1, 1, 1, 1, 1, 1, 1, 1, 1, 1, 1, 1, 1, 1, 1, 1, 1, 1, 1, 1, 1, 1, 1, 1, 1, 1, 1, 1, 1, 1, 1, 1, 1, 1, 1, 1, 1, 1, 1, 1, 1, 1, 1, 1, 1, 1, 1, 1, 1, 1, 1, 1, 1, 1, 1, 1, 1, 1, 1, 1, 1, 1, 1, 1, 1, 1, 1, 1, 1, 1, 1, 1, 1, 1, 1, 1, 1, 1, 1, 1, 1, 1, 1, 1, 1, 1, 1, 1, 1, 1, 1, 1, 1, 1, 1, 1, 1, 1, 1, 1, 1, 1, 1, 1, 1, 1, 1, 1, 1, 1, 1, 1, 1, 1, 1, 1, 1, 1, 1, 1, 1, 1, 1, 1, 1, 1, 1, 1, 1, 1, 1, 1, 1, 1, 1, 1, 1, 1, 1, 1, 1, 1, 1, 1, 1, 1, 1, 1, 1, 1, 1, 1, 1, 1, 1, 1, 1, 1, 1, 1, 1, 1, 1, 1, 1, 1, 1, 1, 1, 1, 1, 1, 1, 1, 1, 1, 1, 1, 1, 1, 1, 1, 1, 1, 1, 1, 1, 1, 1, 1, 1, 1, 1, 1, 1, 1, 1, 1, 1, 1, 1, 1, 1, 1, 1, 1, 1, 1, 1, 1, 1, 1, 1, 1, 1, 1, 1, 1, 1, 1, 1, 1, 1, 1, 1, 1, 1, 1, 1, 1, 1, 1, 1, 1, 1, 1, 1, 1, 1, 1, 1, 1, 1, 1, 1, 1, 1, 1, 1, 1, 1, 1, 1, 1, 1, 1, 1, 1, 1, 1, 1, 1, 1, 1, 1, 1, 1, 1, 1, 1, 1, 1, 1, 1, 1, 1, 1, 1, 1, 1, 1, 1, 1, 1, 1, 1, 1, 1, 1, 1, 1, 1, 1, 1, 1, 1, 1, 1, 1, 1, 1, 1, 1, 1, 1, 1, 1, 1, 1, 1, 1, 1, 1, 1, 1, 1, 1, 1, 1, 1, 1, 1, 1, 1, 1, 1, 1, 1, 1, 1, 1, 1, 1, 1, 1, 1, 1, 1, 1, 1, 1, 1, 1, 1, 1, 1, 1, 1, 1, 1, 1, 1, 1, 1, 1, 1, 1, 1, 1, 1, 1, 1, 1, 1, 1, 1, 1, 1, 1, 1, 1, 1, 1, 1, 1, 1, 1, 1, 1, 1, 1, 1, 1, 1, 1, 1, 1, 1, 1, 1, 1, 1, 1, 1, 1, 1, 1, 1, 1, 1, 1, 1, 1, 1, 1, 1, 1, 1, 1, 1, 1, 1, 1, 1, 1, 1, 1, 1, 1, 1, 1, 1, 1, 1, 1, 1, 1, 1, 1, 1, 1, 1, 1, 1, 1, 1, 1, 1, 1, 1, 1, 1, 1, 1, 1, 1, 1, 1, 1, 1, 1, 1, 1, 1, 1, 1, 1, 1, 1, 1, 1, 1, 1, 1, 1, 1, 1, 1, 1, 1, 1, 1, 1, 1, 1, 1, 1, 1, 1, 1, 1, 1, 1, 1, 1, 1, 1, 1, 1, 1, 1, 1, 1, 1, 1, 1, 1, 1, 1, 1, 1, 1, 1, 1, 1, 1, 1, 1, 1, 1, 1, 1, 1, 1, 1, 1, 1, 1, 1, 1, 1, 1, 1, 1, 1, 1, 1, 1, 1, 1, 1, 1, 1, 1, 1, 1, 1, 1, 1, 1, 1, 1, 1, 1, 1, 1, 1, 1, 1, 1, 1, 1, 1, 1, 1, 1, 1, 1, 1, 1, 1, 1, 1, 1, 1, 1, 1, 1, 1, 1, 1, 1, 1, 1, 1, 1, 1, 1, 1, 1, 1, 1, 1, 1, 1, 1, 1, 1, 1, 1, 1, 1, 1, 1, 1, 1, 1, 1, 1, 1, 1, 1, 1, 1, 1, 1, 1, 1, 1, 1, 1, 1, 1, 1, 1, 1, 1, 1, 1, 1, 1, 1, 1, 1, 1, 1, 1, 1, 1, 1, 1, 1, 1, 1, 1, 1, 1, 1, 1, 1, 1, 1, 1, 1, 1, 1, 1, 1, 1, 1, 1, 1, 1, 1, 1, 1, 1, 1, 1, 1, 1, 1, 1, 1, 1, 1, 1, 1, 1, 1, 1, 1, 1, 1, 1, 1, 1, 1, 1, 1, 1, 1, 1, 1, 1, 1, 1, 1, 1, 1, 1, 1, 1, 1, 1, 1, 1, 1, 1, 1, 1, 1, 1, 1, 1, 1, 1, 1, 1, 1, 1, 1, 1, 1, 1, 1, 1, 1, 1, 1, 1, 1, 1, 1, 1, 1, 1, 1, 1, 1, 1, 1, 1, 1, 1, 1, 1, 1, 1, 1, 1, 1, 1, 1, 1, 1, 1, 1, 1, 1, 1, 1, 1, 1, 1, 1, 1, 1, 1, 1, 1, 1, 1, 1, 1, 1, 1, 1, 1, 1, 1, 1, 1, 1, 1, 1, 1, 1, 1, 1, 1, 1, 1, 1, 1, 1, 1, 1, 1, 1, 1, 1, 1, 1, 1, 1, 1, 1, 1, 1, 1, 1, 1, 1, 1, 1, 1, 1, 1, 1, 1, 1, 1, 1, 1, 1, 1, 1, 1, 1, 1, 1, 1, 1, 1, 1, 1, 1, 1, 1, 1, 1, 1, 1, 1, 1, 1, 1, 1, 1, 1, 1, 1, 1, 1, 1, 1, 1, 1, 1, 1, 1, 1, 1, 1, 1, 1, 1, 1, 1, 1, 1, 1, 1, 1, 1, 1, 1, 1, 1, 1, 1, 1, 1, 1, 1, 1, 1, 1, 1, 1, 1, 1, 1, 1, 1, 1, 1, 1, 1, 1, 1, 1, 1, 1, 1, 1, 1, 1, 1, 1, 1, 1, 1, 1, 1, 1, 1, 1, 1, 1, 1, 1, 1, 1, 1, 1, 1, 1, 1, 1, 1, 1, 1, 1, 1, 1, 1, 1, 1, 1, 1, 1, 1, 1, 1, 1, 1, 1, 1, 1, 1, 1, 1, 1, 1, 1, 1, 1, 1, 1, 1, 1, 1, 1, 1, 1, 1, 1, 1, 1, 1, 1, 1, 1, 1, 1, 1, 1, 1, 1, 1, 1, 1, 1, 1, 1, 1, 1, 1, 1, 1, 1, 1, 1, 1, 1, 1, 1, 1, 1, 1, 1, 1, 1, 1, 1, 1, 1, 1, 1, 1, 1, 1, 1, 1, 1, 1, 1, 1, 1, 1, 1, 1, 1, 1, 1, 1, 1, 1, 1, 1, 1, 1, 1, 1, 1, 1, 1, 1, 1, 1, 1, 1, 1, 1, 1, 1, 1, 1, 1, 1, 1, 1, 1, 1, 1, 1, 1, 1, 1, 1, 1, 1, 1, 1, 1, 1, 1, 1, 1, 1, 1, 1, 1, 1, 1, 1, 1, 1, 1, 1, 1, 1, 1, 1, 1, 1, 1, 1, 1, 1, 1, 1, 1, 1, 1, 1, 0, 2, 0, 0, 0, 2, 0, 2, 0, 2, 0, 0, 2, 0, 2, 2, 2, 0, 2, 0, 0, 0, 2, 2, 0, 2, 0, 0, 2, 0, 2, 2, 2, 2, 0, 2, 2, 0, 2, 0, 2, 0, 2, 0, 2, 0, 0, 0, 2, 2, 2, 0, 0, 2, 0, 0, 2, 0, 2, 0, 2, 0, 0, 2, 0, 2, 0, 2, 0, 2, 2, 0, 2, 0, 2, 0, 2, 0, 2, 0, 2, 0, 2, 2, 0, 0, 2, 0, 2, 0, 0, 0, 0, 2, 0, 2, 0, 2, 0, 2, 2, 2, 2, 0, 2, 0, 2, 0, 2, 0, 2, 0, 2, 0, 2, 0, 2, 2, 2, 0, 2, 0, 0, 2, 0, 0, 2, 0, 0, 0, 0, 0, 2, 0, 2, 0, 2, 2, 0, 2, 0, 2, 0, 2, 0, 2, 0, 2, 0, 2, 0, 2, 0, 2, 0, 2, 0, 2, 2, 2, 2, 2, 0, 2, 0, 2, 0, 2, 2, 0, 2, 0, 2, 0, 2, 0, 2, 2, 0, 0, 2, 0, 0, 2, 0, 2, 2, 0, 2, 0, 2, 2, 0, 2, 0, 2, 2, 2, 2, 0, 2, 0, 2, 0, 2, 2, 0, 0, 2, 2, 0, 2, 2, 2, 2, 2, 2, 0, 2, 2, 0, 2, 0, 2, 2, 0, 2, 0, 0, 2, 2, 0, 2, 0, 2, 0, 2, 0, 0, 0, 2, 0, 2, 2, 0, 0, 2, 2, 2, 0, 2, 0, 0, 2, 2, 0, 2, 2, 2, 0, 0, 2, 2, 2, 0, 2, 2, 2, 0, 2, 2, 2, 0, 2, 2, 2, 0, 2, 0, 2, 0, 2, 2, 0, 2, 0, 2, 2, 2, 2, 2, 0, 2, 2, 2, 2, 2, 0, 2, 2, 0, 2, 2, 2, 0, 2, 2, 2, 2, 2, 0, 2, 0, 0, 0, 2, 2, 2, 2, 0, 2, 2, 0, 0, 2, 2, 2, 0, 2, 0, 0, 2, 2, 2, 0, 2, 2, 2, 2, 0, 2, 0, 2, 2, 0, 2, 2, 2, 2, 2, 2, 2, 2, 2, 0, 2, 2, 0, 2, 0, 2, 0, 0, 0, 2, 2, 0, 2, 0, 2, 2, 2, 2, 0, 2, 0, 0, 0, 0, 2, 0, 0, 2, 0, 2, 0, 0, 0, 2, 0, 0, 0, 0, 0, 2, 0, 0, 0, 2, 0, 2, 0, 2, 2, 0, 2, 0, 0, 2, 0, 2, 0, 2, 0, 2, 0, 0, 2, 0, 2, 0, 2, 2, 0, 2, 2, 0, 2, 0, 2, 2, 2, 0, 2, 0, 2, 2, 0, 2, 0, 0, 2, 0, 2, 0, 2, 0, 2, 0, 2, 0, 2, 2, 0, 0, 2, 0, 2, 2, 0, 2, 0, 2, 0, 0, 2, 0, 2, 0, 2, 2, 2, 2, 2, 2, 2, 2, 2, 2, 2, 2, 2, 2, 2, 2, 2, 0, 0, 0, 2, 0, 2, 2, 2, 0, 0, 0, 2, 0, 2, 2, 0, 2, 0, 2, 2, 2, 0, 0, 0, 2, 0, 2, 0, 0, 2, 0, 2, 0, 0, 2, 0, 2, 2, 0, 2, 0, 2, 0, 2, 0, 0, 2, 0, 0, 2, 0, 0, 2, 0, 2, 0, 0, 0, 2, 0, 0, 2, 0, 2, 2, 0, 2, 0, 2, 0, 2, 0, 2, 0, 2, 2, 2, 0, 2, 2, 0, 2, 2, 0, 2, 2, 0, 0, 2, 2, 0, 0, 0, 0, 2, 2, 0, 0, 2, 0, 0, 0, 0, 0, 0, 0, 2, 0, 2, 0, 0, 0, 0, 0, 0, 0, 2, 2, 0, 2, 2, 0, 0, 0, 0, 0, 0, 2, 0, 2, 2, 0, 0, 0, 0, 0, 0, 2, 0, 2, 2, 2, 2, 0, 2, 0, 2, 0, 2, 0, 0, 2, 2, 2, 0, 0, 0, 0, 0, 0, 0, 0, 0, 0, 0, 0, 0, 2, 0, 0, 2, 0, 0, 0, 0, 2, 2, 2, 2, 0, 2, 0, 0, 0, 0, 2, 2, 2, 0, 2, 0, 2, 2, 0, 0, 0, 0, 2, 2, 2, 0, 0, 0, 2, 0, 0, 2, 0, 2, 2, 0, 2, 0, 2, 0, 0, 0, 0, 0, 0, 0, 0, 0, 2, 2, 0, 2, 2, 0, 0, 0, 0, 0, 0, 2, 0, 2, 2, 2, 2, 0, 0, 0, 0, 0, 2, 2, 0, 2, 0, 0, 0, 0, 0, 2, 0, 0, 0, 2, 2, 2, 0, 0, 2, 2, 2, 2, 2, 0, 0, 2, 2, 2, 0, 0, 2, 0, 2, 0, 2, 2, 2, 2, 2, 2, 2, 2, 2, 0, 0, 0, 0, 0, 0, 0, 0, 2, 0, 0, 2, 0, 2, 0, 2, 0, 0, 2, 0, 0, 0, 2, 0, 2, 0, 0, 2, 2, 0, 0, 2, 2, 0, 0, 0, 0, 0, 2, 2, 0, 2, 0, 2, 2, 0, 2, 0, 2, 2, 0, 0, 0, 0, 0, 0, 0, 2, 0, 0, 2, 0, 0, 0, 0, 0, 0, 2, 0, 0, 2, 2, 0, 0, 2, 0, 0, 2, 2, 2, 0, 0, 0, 0, 0, 0, 0, 0, 0, 0, 0, 2, 0, 0, 0, 0, 0, 2, 2, 0, 0, 2, 0, 2, 2, 0, 0, 0, 0, 0, 0, 2, 0, 2, 0, 2, 0, 2, 0, 0, 2, 2, 0, 0, 2, 2, 2, 0, 0, 0, 2, 2, 0, 0, 0, 0, 0, 2, 0, 0, 0, 0, 0, 2, 0, 0, 0, 0, 0, 2, 0, 2, 2, 0, 0, 2, 2, 0, 0, 0, 0, 0, 0, 0, 0, 2, 0, 0, 0, 0, 2, 2, 0, 2, 2, 2, 2, 0, 0, 0, 2, 0, 0, 0, 0, 0, 0, 2, 0, 2, 2, 2, 2, 2, 2, 2, 2, 2, 2, 0, 0, 2, 2, 2, 0, 0, 2, 2, 2, 2, 0, 0, 0, 2, 2, 2, 2, 2, 2, 2, 2, 2, 0, 2, 2, 0, 0, 2, 2, 0, 0, 0, 2, 0, 0, 2, 0, 2, 2, 0, 2, 2, 2, 0, 0, 2, 2, 0, 2, 0, 0, 2, 0, 0, 0, 0, 0, 0, 0, 2, 0, 0, 2, 2, 2, 2, 2, 0, 2, 0, 2, 2, 0, 0, 0, 0, 2, 0, 2, 2, 2, 2, 2, 0, 2, 2, 0, 2, 0, 0, 2, 0, 2, 0, 0, 0, 0, 0, 0, 2, 2, 0, 0, 0, 0, 0, 0, 0, 2, 2, 0, 2, 0, 2, 2, 0, 0, 2, 2, 0, 0, 0, 0, 0, 0, 0, 2, 2, 0, 2, 2, 0, 2, 0, 0, 0, 0, 0, 0, 0, 0, 0, 0, 2, 2, 2, 0, 0, 2, 0, 2, 0, 2, 2, 0, 2, 0, 2, 0, 2, 2, 2, 0, 2, 2, 0, 2, 0, 0, 0, 0, 2, 0, 2, 0, 2, 0, 0, 0, 2, 0, 0, 2, 2, 2, 0, 2, 0, 2, 2, 2, 0, 0, 0, 2, 0, 2, 0, 0, 2, 0, 0, 2, 2, 2, 0, 2, 2, 0, 2, 2, 0, 0, 0, 0, 2, 0, 0, 0, 0, 2, 2, 0, 2, 0, 2, 2, 2, 0, 2, 0, 0, 2, 0, 0, 2, 0, 0, 0, 0, 0, 2, 0, 0, 0, 0, 2, 0, 0, 0, 0, 0, 0, 0, 2, 0, 0, 0, 2, 2, 2, 0, 0, 2, 0, 0, 0, 0, 0, 0, 0, 0, 0, 0, 2, 2, 0, 2, 2, 0, 2, 0, 0, 0, 0, 0, 0, 0, 0, 0, 0, 0, 2, 0, 0, 2, 2, 0, 0, 0, 2, 0, 2, 0, 2, 2, 0, 2, 0, 2, 0, 0, 0, 0, 0, 0, 0, 0, 0, 0, 0, 0, 0, 0, 2, 2, 0, 0, 2, 0, 0, 0, 2, 2, 2, 0, 0, 2, 0, 0, 0, 0, 2, 2, 2, 0, 0, 0, 0, 0, 0, 0, 0, 0, 0, 0, 0, 0, 0, 0, 0, 0, 0, 2, 0, 0, 0, 0, 0, 0, 0, 0, 0, 0, 2, 2, 2, 2, 0, 0, 0, 0, 0, 0, 0, 0, 0, 0, 0, 0, 0, 0, 0, 0, 0, 0, 0, 0, 0, 0, 0, 0, 0, 0, 0, 0, 0, 0, 0, 0, 0, 0, 0, 0, 0, 0, 0, 0, 0, 0, 0, 0, 0, 0, 0, 0, 0, 0, 0, 0, 0, 0, 0, 0, 0, 0, 0, 0, 0, 0, 0, 0, 0, 0, 0, 0, 0, 0, 0, 0, 0, 0, 0, 0, 0, 0, 0, 0, 0, 0, 0, 0, 0, 0, 0, 0, 0, 0, 0, 0, 0, 0, 0, 0, 0, 0, 0, 0, 0, 0, 0, 0, 0, 0, 0, 0, 0, 0, 0, 0, 0, 0, 0, 0, 0, 0, 0, 0, 0, 0, 0, 0, 0, 0, 0, 0, 0, 0, 0, 0, 0, 0, 0, 0, 0, 0, 0, 0, 0, 0, 0, 0, 0, 0, 0, 0, 0, 0, 0, 0, 0, 0, 0, 0, 0, 0, 0, 0, 0, 0, 0, 0, 0, 0, 0, 0, 0, 0, 0, 0, 0, 0, 0, 0, 0, 0, 0, 0, 0, 0, 0, 0, 0, 0, 0, 0, 0, 0, 0, 0, 0, 0, 0, 0, 0, 0, 0, 0, 0, 0, 0, 0, 0, 0, 0, 0, 0, 0, 0, 0, 0, 0, 0, 0, 0, 0, 0, 0, 0, 0, 0, 0, 0, 0, 0, 0, 0, 0, 0, 0, 0, 0, 0, 0, 0, 0, 0, 0, 0, 0, 0, 0, 0, 0, 0, 0, 0, 0, 0, 0, 0, 0, 0, 0, 0, 0, 0, 0, 0, 0, 0, 0, 0, 0, 0, 0, 0, 0, 0, 0, 0, 0, 0, 0, 0, 0, 0, 0, 0, 0, 0, 0, 0, 0, 0, 0, 0, 0, 0, 0, 0, 0, 0, 0, 0, 0, 0, 0, 0, 0, 0, 0, 0, 0, 0, 0, 0, 0, 0, 0, 0, 0, 0, 0, 0, 0, 0, 0, 0, 0, 0, 0, 0, 0, 0, 0, 0, 0, 0, 0, 0, 0, 2, 0, 2, 0, 0, 0, 0, 0, 0, 0, 0, 2, 0, 0, 0, 0, 0, 0, 0, 0, 0, 0, 2, 0, 0, 0, 2, 0, 0, 0, 0, 0, 0, 0, 0, 0, 0, 0, 0, 2, 0, 2, 0, 2, 2, 0, 2, 0, 0, 0, 0, 0, 0, 0, 2, 0, 0, 2, 0, 0, 0, 0, 0, 0, 0, 0, 0, 0, 0, 2, 0, 0, 0, 0, 2, 2, 2, 0, 0, 0, 0, 0, 0, 0, 0, 0, 0, 0, 2, 2, 2, 2, 2, 0, 0, 0, 2, 0, 0, 0, 2, 0, 0, 0, 0, 0, 2, 0, 0, 0, 0, 0, 0, 0, 0, 2, 0, 0, 0, 0, 2, 2, 2, 2, 0, 0, 2, 0, 0, 0, 0, 0, 0, 0, 0, 2, 0, 0, 0, 0, 0, 0, 0, 0, 0, 0, 0, 2, 2, 2, 2, 0, 0, 2, 2, 2, 0, 0, 0, 0, 0, 2, 0, 0, 0, 2, 0, 2, 2, 2, 2, 2, 0, 2, 2, 0, 0, 0, 0, 0, 0, 0, 0, 2, 2, 2, 0, 0, 2, 0, 0, 0, 0, 0, 0, 0, 2, 0, 0, 2, 0, 0, 0, 0, 0, 0, 2, 2, 0, 0, 0, 0, 0, 2, 0, 0, 0, 0, 0, 0, 2, 0, 0, 0, 0, 2, 0, 2, 0, 2, 2, 0, 0, 0, 2, 0, 0, 2, 0, 0, 2, 0, 0, 2, 0, 0, 2, 2, 0, 0, 0, 0, 0, 0, 0, 0, 0, 0, 0, 0, 0, 0, 0, 0, 2, 0, 0, 2, 0, 0, 0, 2, 0, 0, 0, 0, 2, 0, 0, 2, 0, 0, 0, 0, 0, 0, 0, 2, 0, 0, 2, 0, 2, 0, 0, 0, 0, 0, 0, 2, 2, 0, 0, 0, 0, 0, 2, 0, 0, 0, 0, 0, 0, 0, 2, 0, 2, 2, 2, 0, 0, 0, 0, 0, 2, 2, 2, 2, 2, 0, 0, 0, 0, 0, 2, 2, 2, 2, 2, 2, 2, 0, 0, 2, 0, 0, 0, 0, 0, 0, 2, 2, 0, 0, 2, 0, 0, 0, 0, 0, 2, 0, 0, 0, 0, 0, 0, 0, 2, 0, 0, 2, 0, 0, 0, 0, 2, 2, 0, 0, 0, 0, 0, 0, 0, 0, 0, 0, 0, 0, 0, 0, 0, 0, 0, 0, 2, 0, 0, 0, 2, 0, 0, 0, 0, 0, 0, 2, 0, 2, 2, 2, 0, 0, 2, 0, 2, 0, 2, 2, 0, 0, 0, 0, 0, 0, 0, 0, 2, 2, 2, 2, 2, 2, 2, 2, 2, 0, 0, 0, 2, 0, 2, 0, 0, 0, 0, 0, 0, 0, 2, 0, 0, 0, 2, 0, 0, 0, 0, 2, 0, 2, 2, 0, 2, 0, 0, 2, 2, 2, 2, 0, 0, 0, 0, 0, 2, 0, 0, 0, 0, 2, 0, 2, 0, 2, 0, 0, 0, 2, 0, 0, 0, 0, 0, 2, 2, 0, 2, 0, 2, 0, 0, 0, 0, 0, 2, 0, 2, 0, 0, 0, 0, 0, 0, 0, 0, 0, 0, 2, 2, 0, 0, 0, 0, 0, 0, 0, 0, 0, 2, 0, 0, 0, 2, 0, 0, 0, 2, 0, 0, 0, 2, 0, 2, 0, 0, 2, 0, 0, 2, 2, 0, 0, 2, 0, 0, 0, 0, 2, 0, 0, 0, 0, 0, 0, 0, 0, 0, 0, 0, 0, 0, 0, 0, 0, 0, 0, 2, 0, 2, 0, 0, 2, 2, 0, 0, 0, 2, 2, 2, 0, 0, 2, 0, 0, 0, 0, 0, 0, 0, 0, 0, 2, 0, 0, 0, 0, 0, 2, 0, 2, 0, 0, 2, 0, 0, 2, 0, 2, 0, 2, 0, 0, 0, 0, 0, 2, 0, 0, 0, 0, 0, 0, 0, 2, 0, 2, 2, 2, 0, 0, 0, 0, 0, 2, 2, 0, 2, 0, 2, 0, 0, 0, 0, 2, 2, 2, 0, 2, 0, 2, 2, 2, 0, 0, 0, 0, 0, 2, 0, 0, 0, 0, 0, 0, 0, 0, 0, 2, 0, 2, 0, 0, 0, 2, 0, 2, 0, 0, 2, 0, 2, 0, 0, 2, 2, 2, 2, 0, 0, 0, 0, 0, 0, 0, 0, 0, 0, 0, 0, 2, 0, 2, 2, 0, 0, 0, 0, 0, 2, 0, 0, 2, 0, 0, 0, 2, 0, 0, 0, 0, 0, 2, 0, 2, 0, 2, 0, 2, 0, 2, 2, 0, 0, 0, 2, 0, 2, 2, 0, 2, 0, 2, 0, 0, 0, 0, 0, 2, 0, 0, 0, 0, 0, 2, 0, 2, 2, 0, 0, 0, 0, 2, 0, 0, 0, 0, 0, 0, 0, 0, 0, 0, 0, 0, 0, 0, 2, 2, 2, 2, 2, 2, 2, 2, 2, 2, 2, 2, 2, 0, 0, 0, 2, 0, 2, 0, 0, 0, 2, 2, 2, 2, 2, 2, 2, 2, 0, 2, 0, 2, 2, 0, 0, 0, 0, 0, 2, 0, 0, 0, 0, 0, 0, 2, 0, 2, 0, 2, 2, 0, 2, 0, 0, 2, 0, 2, 0, 0, 0, 0, 0, 0, 2, 0, 0, 2, 0, 0, 0, 0, 2, 0, 2, 2, 0, 0, 0, 0, 2, 0, 2, 2, 0, 0, 2, 2, 0, 0, 0, 0, 0, 0, 2, 0, 0, 0, 0, 2, 0, 0, 2, 0, 0, 2, 0, 0, 0, 0, 2, 0, 0, 0, 0, 0, 0, 0, 0, 0, 2, 0, 0, 0, 2, 2, 0, 0, 0, 0, 0, 2, 0, 2, 0, 0, 0, 0, 0, 0, 2, 0, 2, 0, 0, 0, 0, 0, 0, 2, 2, 0, 0, 0, 0, 2, 2, 0, 0, 2, 0, 0, 0, 2, 0, 2, 2, 0, 2, 0, 0, 0, 0, 2, 0, 0, 0, 0, 0, 0, 2, 0, 0, 2, 0, 0, 0, 0, 0, 2, 2, 0, 0, 0, 0, 0, 0, 0, 2, 0, 0, 0, 0, 0, 0, 2, 0, 0, 0, 2, 0, 0, 2, 0, 0, 0, 2, 0, 2, 0, 2, 2, 0, 0, 0, 2, 0, 0, 2, 0, 0, 0, 0, 0, 0, 0, 0, 0, 0, 0, 2, 0, 0, 0, 0, 0, 2, 0, 0, 0, 0, 0, 0, 0, 2, 2, 0, 0, 2, 0, 0, 0, 0, 0, 0, 2, 0, 0, 2, 0, 0, 0, 2, 0, 0, 0, 2, 2, 0, 0, 2, 2, 0, 0, 0, 0, 0, 2, 0, 0, 2, 0, 0, 2, 2, 0, 2, 0, 0, 0, 0, 0, 0, 2, 0, 0, 2, 0, 2, 2, 0, 0, 0, 0, 2, 2, 0, 0, 0, 0, 0, 0, 0, 0, 0, 0, 0, 0, 0, 2, 2, 0, 0, 2, 2, 2, 0, 0, 0, 0, 2, 0, 0, 0, 2, 0, 2, 0, 0, 0, 2, 0, 0, 0, 0, 2, 0, 0, 0, 0, 0, 0, 0, 0, 2, 2, 0, 0, 2, 0, 0, 0, 0, 2, 0, 0, 2, 0, 0, 0, 0, 2, 2, 0, 0, 0, 0, 0, 0, 2, 0, 2, 0, 0, 2, 0, 0, 0, 0, 0, 0, 0, 2, 0, 0, 2, 0, 2, 0, 0, 0, 0, 0, 0, 2, 0, 2, 2, 2, 2, 2, 2, 0, 0, 0, 0, 2, 2, 0, 0, 0, 2, 0, 0, 0, 0, 0, 0, 2, 0, 0, 0, 0, 0, 2, 0, 0, 0, 0, 2, 0, 0, 2, 0, 0, 2, 0, 0, 2, 0, 0, 0, 0, 2, 0, 0, 2, 0, 2, 0, 2, 0, 2, 0, 0, 0, 0, 0, 0, 0, 0, 0, 0, 2, 0, 0, 0, 0, 0, 0, 0, 0, 2, 0, 0, 0, 0, 0, 0, 2, 0, 2, 0, 2, 0, 0, 0, 2, 0, 0, 0, 0, 0, 0, 2, 0, 0, 0, 0, 2, 0, 2, 0, 0, 2, 0, 0, 0, 0, 2, 0, 2, 0, 0, 2, 0, 2, 0, 2, 0, 0, 0, 0, 0, 2, 0, 0, 0, 0, 0, 0, 0, 0, 0, 0, 0, 2, 0, 0, 0, 0, 0, 0, 2, 2, 0, 0, 0, 0, 0, 0, 2, 0, 0, 0, 2, 0, 0, 0, 2, 2, 0, 0, 0, 0, 0, 0, 0, 0, 0, 0, 2, 0, 2, 0, 0, 2, 0, 2, 0, 2, 0, 2, 0, 0, 0, 0, 0, 0, 0, 0, 2, 0, 0, 2, 0, 0, 2, 2, 2, 0, 2, 0, 0, 0, 0, 0, 0, 0, 0, 0, 0, 0, 0, 0, 2, 0, 0, 0, 2, 0, 0, 2, 0, 0, 0, 0, 0, 2, 2, 0, 0, 2, 0, 0, 0, 2, 0, 2, 0, 0, 0, 0, 2, 0, 0, 0, 2, 0, 2, 0, 0, 0, 2, 2, 0, 2, 0, 2, 0, 2, 0, 0, 2, 0, 0, 0, 0, 0, 0, 0, 0, 0, 0, 0, 2, 2, 2, 2, 0, 2, 0, 0, 2, 0, 2, 0, 0, 2, 0, 2, 2, 0, 2, 0, 0, 0, 0, 0, 2, 0, 0, 0, 0, 0, 0, 0, 0, 0, 0, 0, 2, 0, 0, 2, 0, 2, 0, 0, 0, 2, 0, 0, 2, 2, 0, 0, 2, 0, 2, 2, 0, 0, 2, 0, 2, 0, 2, 0, 2, 2, 0, 2, 0, 2, 0, 0, 0, 0, 0, 0, 0, 0, 2, 0, 0, 2, 0, 2, 0, 0, 0, 2, 0, 2, 0, 2, 0, 2, 0, 0, 2, 0, 2, 0, 2, 0, 2, 2, 2, 0, 2, 0, 2, 2, 2, 0, 0, 2, 0, 0, 0, 0, 0, 2, 2, 0, 2, 0, 2, 0, 2, 0, 0, 0, 2, 0, 2, 0, 0, 0, 0, 0, 0, 0, 0, 0, 2, 2, 0, 0, 2, 0, 0, 0, 2, 2, 0, 0, 0, 0, 0, 0, 0, 0, 2, 0, 0, 2, 0, 2, 0, 0, 0, 0, 2, 0, 2, 0, 2, 0, 2, 2, 2, 2, 0, 2, 0, 0, 0, 0, 0, 0, 0, 0, 2, 0, 2, 0, 2, 0, 0, 0, 2, 0, 0, 2, 0, 2, 0, 0, 0, 0, 0, 0, 2, 0, 2, 2, 0, 2, 0, 2, 2, 0, 0, 0, 2, 0, 0, 0, 0, 0, 2, 0, 2, 0, 2, 0, 0, 2, 0, 2, 0, 2, 0, 0, 2, 0, 2, 0, 0, 0, 0, 0, 0, 0, 2, 2, 0, 2, 2, 0, 2, 0, 2, 0, 2, 0, 2, 0, 2, 2, 2, 0, 2, 0, 0, 0, 0, 0, 2, 0, 2, 2, 0, 2, 2, 0, 0, 2, 0, 0, 2, 0, 0, 0, 0, 0, 0, 0, 2, 0, 2, 2, 0, 2, 0, 2, 0, 2, 0, 0, 0, 2, 0, 0, 0, 0, 0, 2, 0, 2, 2, 2, 0, 2, 0, 2, 0, 2, 0, 2, 0, 2, 2, 0, 0, 0, 0, 0, 2, 2, 0, 0, 2, 0, 0, 0, 2, 0, 2, 2, 2, 2, 0, 2, 0, 2, 2, 2, 0, 2, 0, 0, 0, 0, 0, 2, 0, 0, 2, 0, 0, 2, 2, 2, 0, 2, 0, 0, 2, 0, 2, 2, 0, 2, 0, 0, 2, 0, 0, 0, 0, 0, 0, 2, 2, 2, 0, 2, 2, 0, 0, 2, 0, 0, 2, 2, 0, 2, 0, 0, 2, 2, 0, 0, 0, 0, 2, 0, 2, 0, 0, 2, 2, 0, 2, 0, 0, 0, 0, 2, 0, 2, 0, 2, 2, 2, 0, 2, 0, 2, 0, 2, 0, 2, 2, 0, 2, 2, 0, 0, 2, 0, 0, 2, 0, 2, 2, 2, 0, 2, 0, 2, 2, 0, 2, 0, 2, 2, 2, 2, 0, 2, 0, 2, 0, 0, 0, 0, 0, 0, 2, 0, 2, 2, 0, 2, 0, 2, 0, 0, 2, 0, 2, 0, 0, 2, 0, 0, 2, 0, 2, 2, 2, 2, 2, 2, 0, 2, 2, 0, 0, 0, 2, 0, 2, 0, 2, 0, 0, 2, 2, 2, 0, 2, 2, 0, 0, 0, 0, 2, 0, 2, 0, 2, 2, 0, 2, 2, 2, 0, 2, 0, 0, 2, 0, 2, 2, 0, 0, 0, 2, 0, 2, 0, 2, 0, 2, 0, 0, 0, 2, 0, 2, 2, 0, 2, 2, 0, 2, 2, 2, 0, 0, 2, 2, 0, 2, 0, 2, 2, 0, 2, 0, 2, 0, 2, 0, 2, 0, 2, 2, 2, 2, 2, 2, 0, 2, 0, 0, 0, 2, 0, 0, 2, 0, 2, 2, 2, 0, 2, 0, 2, 0, 0, 2, 0, 2, 0, 2, 0, 2, 0, 2, 0, 2, 0, 2, 0, 2, 0, 2, 0, 2, 0, 2, 0, 2, 0, 2, 0, 2, 0, 2, 0, 2, 2, 2, 0, 2, 0, 0, 2, 2, 0, 2, 2, 0, 2, 0, 2, 0, 2, 0, 2, 2, 2, 0, 2, 0, 0, 2, 0, 2, 0, 2, 0, 0, 0, 0, 0, 2, 2, 2, 0, 0, 2, 0, 0, 2, 0, 2, 0, 2, 0, 2, 0, 2, 0, 2, 0, 0, 2, 0, 0, 0, 0, 1, 1, 1, 1, 1, 1, 1, 1, 1, 1, 1, 1, 1, 1, 1, 1, 1, 1, 1, 1, 1, 1, 1, 1, 1, 1, 1, 1, 1, 1, 1, 1, 1, 1, 1, 1, 1, 1, 1, 1, 1, 1, 1, 1, 1, 1, 1, 1, 1, 1, 1, 1, 1, 1, 1, 1, 1, 1, 1, 1, 1, 1, 1, 1, 1, 1, 1, 1, 1, 1, 1, 1, 1, 1, 1, 1, 1, 1, 1, 1, 1, 1, 1, 1, 1, 1, 1, 1, 1, 1, 1, 1, 1, 1, 1, 1, 1, 1, 1, 1, 1, 1, 1, 1, 1, 1, 1, 1, 1, 1, 1, 1, 1, 1, 1, 1, 1, 1, 1, 1, 1, 1, 1, 1, 1, 1, 1, 1, 1, 1, 1, 1, 1, 1, 1, 1, 1, 1, 1, 1, 1, 1, 1, 1, 1, 1, 1, 1, 1, 1, 1, 1, 1, 1, 1, 1, 1, 1, 1, 1, 1, 1, 1, 1, 1, 1, 1, 1, 1, 1, 1, 1, 1, 1, 1, 1, 1, 1, 1, 1, 1, 1, 1, 1, 1, 1, 1, 1, 1, 1, 1, 1, 1, 1, 1, 1, 1, 1, 1, 1, 1, 1, 1, 1, 1, 1, 1, 1, 1, 1, 1, 1, 1, 1, 1, 1, 1, 1, 1, 1, 1, 1, 1, 1, 1, 1, 1, 1, 1, 1, 1, 1, 1, 1, 1, 1, 1, 1, 1, 1, 1, 1, 1, 1, 1, 1, 1, 1, 1, 1, 1, 1, 1, 1, 1, 1, 1, 1, 1, 1, 1, 1, 1, 1, 1, 1, 1, 1, 1, 1, 1, 1, 1, 1, 1, 1, 1, 1, 1, 1, 1, 1, 1, 1, 1, 1, 1, 1, 1, 1, 1, 1, 1, 1, 1, 1, 1, 1, 1, 1, 1, 1, 1, 1, 1, 1, 1, 1, 1, 1, 1, 1, 1, 1, 1, 1, 1, 1, 1, 1, 1, 1, 1, 1, 1, 1, 1, 1, 1, 1, 1, 1, 1, 1, 1, 1, 1, 1, 1, 1, 1, 1, 1, 1, 1, 1, 1, 1, 1, 1, 1, 1, 1, 1, 1, 1, 1, 1, 1, 1, 1, 1, 1, 1, 1, 1, 1, 1, 1, 1, 1, 1, 1, 1, 1, 1, 1, 1, 1, 1, 1, 1, 1, 1, 1, 1, 1, 1, 1, 1, 1, 1, 1, 1, 1, 1, 1, 1, 1, 1, 1, 1, 1, 1, 1, 1, 1, 1, 1, 1, 1, 1, 1, 1, 1, 1, 1, 1, 1, 1, 1, 1, 1, 1, 1, 1, 1, 1, 1, 1, 1, 1, 1, 1, 1, 1, 1, 1, 1, 1, 1, 1, 1, 1, 1, 1, 1, 1, 1, 1, 1, 1, 1, 1, 1, 1, 1, 1, 1, 1, 1, 1, 1, 1, 1, 1, 1, 1, 1, 1, 1, 1, 1, 1, 1, 1, 1, 1, 1, 1, 1, 1, 1, 1, 1, 1, 1, 1, 1, 1, 1, 1, 1, 1, 1, 1, 1, 1, 1, 1, 1, 1, 1, 1, 1, 1, 1, 1, 1, 1, 1, 1, 1, 1, 1, 1, 1, 1, 1, 1, 1, 1, 1, 1, 1, 1, 1, 1, 1, 1, 1, 1, 1, 1, 1, 1, 1, 1, 1, 1, 1, 1, 1, 1, 1, 1, 1, 1, 1, 1, 1, 1, 1, 1, 1, 1, 1, 1, 1, 1, 1, 1, 1, 1, 1, 1, 1, 1, 1, 1, 1, 1, 1, 1, 1, 1, 1, 1, 1, 1, 1, 1, 1, 1, 1, 1, 1, 1, 1, 1, 1, 1, 1, 1, 1, 1, 1, 1, 1, 1, 1, 1, 1, 1, 1, 1, 1, 1, 1, 1, 1, 1, 1, 1, 1, 1, 1, 1, 1, 1, 1, 1, 1, 1, 1, 1, 1, 1, 1, 1, 1, 1, 1, 1, 1, 1, 1, 1, 1, 1, 1, 1, 1, 1, 1, 1, 1, 1, 1, 1, 1, 1, 1, 1, 1, 1, 1, 1, 1, 1, 1, 1, 1, 1, 1, 1, 1, 1, 1, 1, 1, 1, 1, 1, 1, 1, 1, 1, 1, 1, 1, 1, 1, 1, 1, 1, 1, 1, 1, 1, 1, 1, 1, 1, 1, 1, 1, 1, 1, 1, 1, 1, 1, 1, 1, 1, 1, 1, 1, 1, 1, 1, 1, 1, 1, 1, 1, 1, 1, 1, 1, 1, 1, 1, 1, 1, 1, 1, 1, 1, 1, 1, 1, 1, 1, 1, 1, 1, 1, 1, 1, 1, 1, 1, 1, 1, 1, 1, 1, 1, 1, 1, 1, 1, 1, 1, 1, 1, 1, 1, 1, 1, 1, 1, 1, 1, 1, 1, 1, 1, 1, 1, 1, 1, 1, 1, 1, 1, 1, 1, 1, 1, 1, 1, 1, 1, 1, 1, 1, 1, 1, 1, 1, 1, 1, 1, 1, 1, 1, 1, 1, 1, 1, 1, 1, 1, 1, 1, 1, 1, 1, 1, 1, 1, 1, 1, 1, 1, 1, 1, 1, 1, 1, 1, 1, 1, 1, 1, 1, 1, 1, 1, 1, 1, 1, 1, 1, 1, 1, 1, 1, 1, 1, 1, 1, 1, 1, 1, 1, 1, 1, 1, 1, 1, 1, 1, 1, 1, 1, 1, 1, 1, 1, 1, 1, 1, 1, 1, 1, 1, 1, 1, 1, 1, 1, 1, 1, 1, 1, 1, 1, 1, 1, 1, 1, 1, 1, 1, 1, 1, 1, 1, 1, 1, 1, 1, 1, 1, 1, 1, 1, 1, 1, 1, 1, 1, 1, 1, 1, 1, 1, 1, 1, 1, 1, 1, 1, 1, 1, 1, 1, 1, 1, 1, 1, 1, 1, 1, 1, 1, 1, 1, 1, 1, 1, 1, 1, 1, 1, 1, 1, 1, 1, 1, 1, 1, 1, 1, 1, 1, 1, 1, 1, 1, 1, 1, 1, 1, 1, 1, 1, 1, 1, 1, 1, 1, 1, 1, 1, 1, 1, 1, 1, 1, 1, 1, 1, 1, 1, 1, 1, 1, 1, 1, 1, 1, 1, 1, 1, 1, 1, 1, 1, 1, 1, 1, 1, 1, 1, 1, 1, 1, 1, 1, 1, 1, 1, 1, 1, 1, 1, 1, 1, 1, 1, 1, 1, 1, 1, 1, 1, 1, 1, 1, 1, 1, 1, 1, 1, 1, 1, 1, 1, 1, 1, 1, 1, 1, 1, 1, 1, 1, 1, 1, 1, 1, 1, 1, 1, 1, 1, 1, 1, 1, 1, 1, 1, 1, 1, 1, 1, 1, 1, 1, 1, 1, 1, 1, 1, 1, 1, 1, 1, 1, 1, 1, 1, 1, 1, 1, 1, 1, 1, 1, 1, 1, 1, 1, 1, 1, 1, 1, 1, 1, 1, 1, 1, 1, 1, 1, 1, 1, 1, 1, 1, 1, 1, 1, 1, 1, 1, 1, 1, 1, 1, 1, 1, 1, 1, 1, 1, 1, 1, 1, 1, 1, 1, 1, 1, 1, 1, 1, 1, 1, 1, 1, 1, 1, 1, 1, 1, 1, 1, 1, 1, 1, 1, 1, 1, 1, 1, 1, 1, 1, 1, 1, 1, 1, 1, 1, 1, 1, 1, 1, 1, 1, 1, 1, 1, 1, 1, 1, 1, 1, 1, 1, 1, 1, 1, 1, 1, 1, 1, 1, 1, 1, 1, 1, 1, 2, 2, 2, 2, 2, 2, 2, 2, 2, 2, 2, 2, 2, 2, 2, 2, 2, 2, 2, 2, 2, 2, 2, 2, 2, 2, 2, 2, 2, 2, 2, 2, 2, 2, 2, 2, 2, 2, 2, 2, 2, 2, 2, 2, 2, 2, 2, 2, 2, 2, 2, 2, 2, 2, 2, 2, 2, 2, 2, 2, 2, 2, 2, 2, 2, 2, 2, 2, 2, 2, 2, 2, 2, 2, 2, 2, 2, 2, 2, 2, 2, 2, 2, 2, 2, 2, 2, 2, 2, 2, 2, 2, 2, 2, 2, 2, 2, 2, 2, 2, 2, 2, 2, 2, 2, 2, 2, 2, 2, 2, 2, 2, 2, 2, 2, 2, 2, 2, 2, 2, 2, 2, 2, 2, 2, 2, 2, 2, 2, 2, 2, 2, 2, 2, 2, 2, 2, 2, 2, 2, 2, 2, 2, 2, 2, 2, 2, 2, 2, 2, 2, 2, 2, 2, 2, 2, 2, 2, 2, 2, 2, 2, 2, 2, 2, 2, 2, 2, 2, 2, 2, 2, 2, 2, 2, 2, 2, 2, 2, 2, 2, 2, 2, 2, 2, 2, 2, 2, 2, 2, 2, 2, 2, 2, 2, 2, 2, 2, 2, 2, 2, 2, 2, 2, 2, 2, 2, 2, 2, 2, 2, 2, 2, 2, 2, 2, 2, 2, 2, 2, 2, 2, 2, 2, 2, 2, 2, 2, 2, 2, 2, 2, 2, 2, 2, 2, 2, 2, 2, 2, 2, 2, 2, 2, 2, 2, 2, 2, 2, 2, 2, 2, 2, 2, 2, 2, 2, 2, 2, 2, 2, 2, 2, 2, 2, 2, 2, 2, 2, 2, 2, 2, 2, 2, 2, 2, 2, 2, 2, 2, 2, 2, 2, 2, 2, 2, 2, 2, 2, 2, 2, 2, 2, 2, 2, 2, 2, 2, 2, 2, 2, 2, 2, 2, 2, 2, 2, 2, 2, 2, 2, 2, 2, 2, 2, 2, 2, 2, 2, 2, 2, 2, 2, 2, 2, 2, 2, 2, 2, 2, 2, 2, 2, 2, 2, 2, 2, 2, 2, 2, 2, 2, 2, 2, 2, 2, 2, 2, 2, 2, 2, 2, 2, 2, 2, 2, 2, 2, 2, 2, 2, 2, 2, 2, 2, 2, 2, 2, 2, 2, 2, 2, 2, 2, 2, 2, 2, 2, 2, 2, 2, 2, 2, 2, 2, 2, 2, 2, 2, 2, 2, 2, 2, 2, 2, 2, 2, 2, 2, 2, 2, 2, 2, 2, 2, 2, 2, 2, 2, 2, 2, 2, 2, 2, 2, 2, 2, 2, 2, 2, 2, 2, 2, 2, 2, 2, 2, 2, 2, 2, 2, 2, 2, 2, 2, 2, 2, 2, 2, 2, 2, 2, 2, 2, 2, 2, 2, 2, 2, 2, 2, 2, 2, 2, 2, 2, 2, 2, 2, 2, 2, 2, 2, 2, 2, 2, 2, 2, 2, 2, 2, 2, 2, 2, 2, 2, 2, 2, 2, 2, 2, 2, 2, 2, 2, 2, 2, 2, 2, 2, 2, 2, 2, 2, 2, 2, 2, 2, 2, 2, 2, 2, 2, 2, 2, 2, 2, 2, 2, 2, 2, 2, 2, 2, 2, 2, 2, 2, 2, 2, 2, 2, 2, 2, 2, 2, 2, 2, 2, 2, 2, 2, 2, 2, 2, 2, 2, 2, 2, 2, 2, 2, 2, 2, 2, 2, 2, 2, 2, 2, 2, 2, 2, 2, 2, 2, 2, 2, 2, 2, 2, 2, 2, 2, 2, 2, 2, 2, 2, 2, 2, 2, 2, 2, 2, 2, 2, 2, 2, 2, 2, 2, 2, 2, 2, 2, 2, 2, 2, 2, 2, 2, 2, 2, 2, 2, 2, 2, 2, 2, 2, 2, 2, 2, 2, 2, 2, 2, 2, 2, 2, 2, 2, 2, 2, 2, 2, 2, 2, 2, 2, 2, 2, 2, 2, 2, 2, 2, 2, 2, 2, 2, 2, 2, 2, 2, 2, 2, 2, 2, 2, 2, 2, 2, 2, 2, 2, 2, 2, 2, 2, 2, 2, 2, 2, 2, 2, 2, 2, 2, 2, 2, 2, 2, 2, 2, 2, 2, 2, 2, 2, 2, 2, 2, 2, 2, 2, 2, 2, 2, 2, 2, 2, 2, 2, 2, 2, 2, 2, 2, 2, 2, 2, 2, 2, 2, 2, 2, 2, 2, 2, 2, 2, 2, 2, 2, 2, 2, 2, 2, 2, 2, 2, 2, 2, 2, 2, 2, 2, 2, 2, 2, 2, 2, 2, 2, 2, 2, 2, 2, 2, 2, 2, 2, 2, 2, 2, 2, 2, 2, 2, 2, 2, 2, 2, 2, 2, 2, 2, 2, 2, 2, 2, 2, 2, 2, 2, 2, 2, 2, 2, 2, 2, 2, 2, 2, 2, 2, 2, 2, 2, 2, 2, 2, 2, 2, 2, 2, 2, 2, 2, 2, 2, 2, 2, 2, 2, 2, 2, 2, 2, 2, 2, 2, 2, 2, 2, 2, 2, 2, 2, 2, 2, 2, 2, 2, 2, 2, 2, 2, 2, 2, 2, 2, 2, 2, 2, 2, 2, 2, 2, 2, 2, 2, 2, 2, 2, 2, 2, 2, 2, 2, 2, 2, 2, 2, 2, 2, 2, 2, 2, 2, 2, 2, 2, 2, 2, 2, 2, 2, 2, 2, 2, 2, 2, 2, 2, 2, 2, 2, 2, 2, 2, 2, 2, 2, 2, 2, 2, 2, 2, 2, 2, 2, 2, 2, 2, 2, 2, 2, 2, 2, 2, 2, 2, 2, 2, 2, 2, 2, 2, 2, 2, 2, 2, 2, 2, 2, 2, 2, 2, 2, 2, 2, 2, 2, 2, 2, 2, 2, 2, 2, 2, 2, 2, 2, 2, 2, 2, 2, 2, 2, 2, 2, 2, 2, 2, 2, 2, 2, 2, 2, 2, 2, 2, 2, 2, 2, 2, 2, 2, 2, 2, 2, 2, 2, 2, 2, 2, 2, 2, 2, 2, 2, 2, 2, 2, 2, 2, 2, 2, 2, 2, 2, 2, 2, 2, 2, 2, 2, 2, 2, 2, 2, 2, 2, 2, 2, 2, 2, 2, 2, 2, 2, 2, 2, 2, 2, 2, 2, 2, 2, 2, 2, 2, 2, 2, 2, 2, 2, 2, 2, 2, 2, 2, 2, 2, 2, 2, 2, 2, 2, 2, 2, 2, 2, 2, 2, 2, 2, 2, 2, 2, 2, 2, 2, 2, 2, 2, 2, 2, 2, 2, 2, 2, 2, 2, 2, 2, 2, 2, 2, 2, 2, 2, 2, 2, 2, 2, 2, 2, 2, 2, 2, 2, 2, 2, 2, 2, 2, 2, 2, 2, 2, 2, 2, 2, 2, 2, 2, 2, 2, 2, 2, 2, 2, 2, 2, 2, 2, 2, 2, 2, 2, 2, 2, 2, 2, 2, 2, 2, 2, 2, 2, 2, 2, 2, 2, 2, 2, 2, 2, 2, 2, 2, 2, 2, 2, 2, 2, 2, 2, 2, 2, 2, 2, 2, 2, 2, 2, 2, 2, 2, 2, 2, 2, 2, 2, 2, 2, 2, 2, 2, 2, 2, 2, 2, 2, 2, 2, 2, 2, 2, 2, 2, 2, 2, 2, 2, 2, 2, 2, 2, 2, 2, 2, 2, 2, 2, 2, 2, 2, 2, 2, 2, 2, 2, 2, 2, 2, 2, 2, 2, 2, 2, 2, 2, 2, 2, 2, 2, 2, 2, 2, 2]), np.array([[0.42866504854368936, 0.2425, 0.32883495145631064], [0.25375, 0.50125, 0.245], [0.41233296753777054, 0.3175201612903226, 0.2701468711719069], [0.4275, 0.28625, 0.28625], [0.34625, 0.36875, 0.285], [0.295, 0.42625, 0.27875], [0.29885189768976894, 0.5048919141914192, 0.1962561881188119], [0.24501856435643565, 0.5799752475247525, 0.17500618811881188], [0.3338333333333333, 0.43366666666666664, 0.2325], [0.335, 0.37125, 0.29375], [0.47875, 0.21375, 0.3075], [0.3899479166666667, 0.2550104166666667, 0.35504166666666664], [0.4195736434108527, 0.25625, 0.32417635658914734], [0.30125, 0.4925, 0.20625], [0.3575, 0.34375, 0.29875], [0.28510189768976896, 0.5173919141914192, 0.1975061881188119], [0.30133333333333334, 0.4911666666666667, 0.2075], [0.3187786259541985, 0.4774618320610687, 0.2037595419847328], [0.42010209235209234, 0.24364790764790764, 0.33625], [0.4025, 0.26625, 0.33125], [0.30125, 0.445, 0.25375], [0.37375, 0.37375, 0.2525], [0.33, 0.39, 0.28], [0.36, 0.28375, 0.35625], [0.3375, 0.32625, 0.33625], [0.45625, 0.3225, 0.22125], [0.35484375, 0.31125, 0.33390625], [0.3525, 0.3075, 0.34], [0.3945692883895131, 0.29626404494382025, 0.3091666666666667], [0.44125, 0.3175, 0.24125], [0.5262259422614274, 0.17500968992248062, 0.29876436781609195], [0.25132170011455573, 0.5674064423309193, 0.18127185755452507], [0.4099823943661972, 0.3087588028169014, 0.2812588028169014], [0.28375, 0.37625, 0.34], [0.3725, 0.28625, 0.34125], [0.22625, 0.6225, 0.15125], [0.31625, 0.43125, 0.2525], [0.28125, 0.48125, 0.2375], [0.39865654205607476, 0.26380841121495324, 0.33753504672897194], [0.337265625, 0.32, 0.342734375], [0.34125, 0.265, 0.39375], [0.29375, 0.45125, 0.255], [0.36353832799145297, 0.334921875, 0.301539797008547], [0.2837786259541985, 0.3812118320610687, 0.3350095419847328], [0.3125, 0.42875, 0.25875], [0.25, 0.47, 0.28], [0.4049781659388646, 0.3725, 0.22252183406113538], [0.42625, 0.23875, 0.335], [0.4375, 0.27625, 0.28625], [0.27760189768976895, 0.4923919141914192, 0.2300061881188119], [0.5447640897293289, 0.1676237486095662, 0.2876121616611049], [0.35752450980392153, 0.34121936274509806, 0.3012561274509804], [0.4249484536082474, 0.2500257731958763, 0.3250257731958763], [0.5011415806750209, 0.19751682580650815, 0.30134159351847095], [0.3425892857142857, 0.37473214285714285, 0.28267857142857145], [0.43125, 0.29, 0.27875], [0.402384865688175, 0.2887797009138743, 0.3088354333979507], [0.5932378419452887, 0.11650531914893618, 0.2902568389057751], [0.28125, 0.53625, 0.1825], [0.4025, 0.3525, 0.245], [0.26375, 0.435, 0.30125], [0.36875, 0.21625, 0.415], [0.5460703573291602, 0.17382824726134585, 0.28010139540949397], [0.3925, 0.30625, 0.30125], [0.405, 0.2925, 0.3025], [0.2925, 0.50625, 0.20125], [0.30875, 0.44625, 0.245], [0.495, 0.18375, 0.32125], [0.3622015610651974, 0.3812603305785124, 0.25653810835629015], [0.421195652173913, 0.33, 0.24880434782608696], [0.2925, 0.4025, 0.305], [0.5024314345991562, 0.16501054852320673, 0.33255801687763714], [0.4087018678160919, 0.29997126436781607, 0.29132686781609196], [0.355, 0.28375, 0.36125], [0.4474903100775194, 0.25875, 0.29375968992248064], [0.42357131410256416, 0.20129166666666667, 0.37513701923076925], [0.28252956417751796, 0.5199616330055806, 0.1975088028169014], [0.3425, 0.33375, 0.32375], [0.2875, 0.4725, 0.24], [0.3525185643564357, 0.4174752475247525, 0.2300061881188119], [0.40875, 0.26375, 0.3275], [0.43111111111111117, 0.2750347222222222, 0.2938541666666667], [0.3724479166666667, 0.34251041666666665, 0.28504166666666664], [0.365, 0.34125, 0.29375], [0.45247816593886464, 0.245, 0.30252183406113536], [0.36129464285714286, 0.3999553571428571, 0.23875], [0.27375, 0.455, 0.27125], [0.35375, 0.295, 0.35125], [0.4075, 0.36, 0.2325], [0.36375, 0.29875, 0.3375], [0.35375, 0.315, 0.33125], [0.543671784081345, 0.17503289473684214, 0.2812953211818129], [0.3225, 0.41875, 0.25875], [0.35625, 0.3125, 0.33125], [0.42125, 0.285, 0.29375], [0.3012604648601014, 0.4174834076889183, 0.2812561274509804], [0.45, 0.3175, 0.2325], [0.31371612595419845, 0.3849618320610687, 0.30132204198473284], [0.4847959157377001, 0.16876404494382022, 0.34644003931847966], [0.4075, 0.34375, 0.24875], [0.5149859550561797, 0.18626404494382023, 0.29875], [0.44875, 0.2725, 0.27875], [0.29377450980392156, 0.537469362745098, 0.1687561274509804], [0.445, 0.2925, 0.2625], [0.5326418252290346, 0.20125, 0.2661081747709655], [0.37625, 0.355, 0.26875], [0.28375, 0.48875, 0.2275], [0.2775, 0.49875, 0.22375], [0.4325, 0.24, 0.3275], [0.3875, 0.35041666666666665, 0.26208333333333333], [0.29375, 0.4662387387387388, 0.24001126126126124], [0.45001856435643567, 0.24372524752475247, 0.3062561881188119], [0.48093743286067253, 0.20260151466322918, 0.3164610524760984], [0.25125, 0.50875, 0.24], [0.30129464285714286, 0.39870535714285715, 0.3], [0.37625, 0.35625, 0.2675], [0.2875, 0.48125, 0.23125], [0.26125, 0.5375, 0.20125], [0.485, 0.1475, 0.3675], [0.5086171762032639, 0.24625531914893617, 0.2451275046478], [0.405, 0.31125, 0.28375], [0.371328125, 0.314921875, 0.31375], [0.4925, 0.21, 0.2975], [0.3363392857142857, 0.44723214285714286, 0.21642857142857141], [0.4025, 0.3075, 0.29], [0.3525, 0.3325, 0.315], [0.30125, 0.42875, 0.27], [0.255, 0.59625, 0.14875], [0.2612745098039216, 0.5399693627450981, 0.1987561274509804], [0.40875, 0.31, 0.28125], [0.4075, 0.33125, 0.26125], [0.30020833333333335, 0.35229166666666667, 0.3475], [0.3638293650793651, 0.34492063492063496, 0.29125], [0.21375, 0.6075, 0.17875], [0.2637643678160919, 0.5362212643678161, 0.20001436781609194], [0.4949272555096419, 0.20127074724517907, 0.30380199724517903], [0.5674247448979591, 0.14125, 0.2913252551020408], [0.3725, 0.33, 0.2975], [0.33125, 0.33875, 0.33], [0.32875, 0.39, 0.28125], [0.355, 0.31, 0.335], [0.3462829321725276, 0.31744651189256856, 0.33627055593490385], [0.34375, 0.32625, 0.33], [0.44751856435643567, 0.3199752475247525, 0.23250618811881188], [0.42125, 0.19125, 0.3875], [0.30613383838383834, 0.35497727272727275, 0.33888888888888885], [0.5072359380584415, 0.1975, 0.2952640619415585], [0.4025, 0.2925, 0.305], [0.4599172576832152, 0.15, 0.39008274231678486], [0.23004464285714285, 0.5624553571428571, 0.2075], [0.42875, 0.27875, 0.2925], [0.38125, 0.28625, 0.3325], [0.41, 0.3425, 0.2475], [0.40757936507936504, 0.34492063492063496, 0.2475], [0.362266281512605, 0.3475, 0.29023371848739493], [0.41875, 0.42125, 0.16], [0.42, 0.32625, 0.25375], [0.31882936507936505, 0.3699206349206349, 0.31125], [0.24625, 0.5825, 0.17125], [0.5021739835469071, 0.2051346899224806, 0.29269132653061225], [0.38625, 0.35, 0.26375], [0.38375, 0.3125, 0.30375], [0.32375, 0.47625, 0.2], [0.28625, 0.51, 0.20375], [0.3025245098039216, 0.40621936274509807, 0.2912561274509804], [0.3, 0.50125, 0.19875], [0.39368589743589744, 0.34376068376068375, 0.2625534188034188], [0.34347222222222223, 0.44625, 0.21027777777777779], [0.38125, 0.3975, 0.22125], [0.32747093023255813, 0.5175290697674418, 0.155], [0.42625, 0.24375, 0.33], [0.3525286259541985, 0.44121183206106873, 0.2062595419847328], [0.3736904761904762, 0.34375, 0.2825595238095238], [0.43159751464111124, 0.2575345760127777, 0.310867909346111], [0.3675, 0.34375, 0.28875], [0.27126856435643565, 0.5624752475247525, 0.1662561881188119], [0.32, 0.4475, 0.2325], [0.3925, 0.27, 0.3375], [0.32875, 0.39125, 0.28], [0.3525, 0.3325, 0.315], [0.44791666666666674, 0.2125, 0.33958333333333335], [0.291274089306698, 0.42203750489620057, 0.2866884057971015], [0.42875, 0.20875, 0.3625], [0.33625, 0.425, 0.23875], [0.494783302619455, 0.1888084112149533, 0.3164082861655917], [0.3313333333333333, 0.45616666666666666, 0.2125], [0.33127450980392154, 0.4474693627450981, 0.2212561274509804], [0.3525, 0.29625, 0.35125], [0.48375, 0.16125, 0.355], [0.2900245098039216, 0.45371936274509805, 0.25625612745098036], [0.4225, 0.26625, 0.31125], [0.32375, 0.40375, 0.2725], [0.5017936991869919, 0.182510162601626, 0.3156961382113821], [0.39, 0.2725, 0.3375], [0.41625, 0.32, 0.26375], [0.39476720505617974, 0.3150661282771535, 0.2901666666666667], [0.40375, 0.2475, 0.34875], [0.3675, 0.3275, 0.305], [0.2038909699721059, 0.6498385347608218, 0.14627049526707234], [0.285, 0.39, 0.325], [0.29, 0.46375, 0.24625], [0.425, 0.275, 0.3], [0.33, 0.34125, 0.32875], [0.335, 0.4025, 0.2625], [0.26, 0.45, 0.29], [0.2825245098039216, 0.5399693627450981, 0.17750612745098038], [0.2600286259541985, 0.5187118320610687, 0.2212595419847328], [0.43496753246753245, 0.2600162337662338, 0.30501623376623377], [0.4075, 0.35875, 0.23375], [0.5696640619800513, 0.1550823322286661, 0.2752536057912826], [0.4711984536082474, 0.2237757731958763, 0.3050257731958763], [0.44125, 0.24, 0.31875], [0.2675, 0.52, 0.2125], [0.34125, 0.3275, 0.33125], [0.5486049265022449, 0.15625, 0.2951450734977551], [0.3925, 0.31625, 0.29125], [0.4186565420560748, 0.31880841121495324, 0.262535046728972], [0.4425, 0.27, 0.2875], [0.41, 0.38625, 0.20375], [0.45125868055555557, 0.248671875, 0.30006944444444444], [0.33125, 0.38875, 0.28], [0.5261265331219207, 0.1387932253153545, 0.3350802415627247], [0.24875, 0.485, 0.26625], [0.4175, 0.36, 0.2225], [0.4124823943661972, 0.2825088028169014, 0.3050088028169014], [0.35375, 0.38125, 0.265], [0.37875, 0.3975, 0.22375], [0.2375, 0.55625, 0.20625], [0.6433066173234888, 0.0962603305785124, 0.2604330520979989], [0.36127862595419846, 0.3799618320610687, 0.25875954198473283], [0.33645833333333336, 0.3985416666666666, 0.265], [0.36875, 0.22125, 0.41], [0.2925, 0.4775, 0.23], [0.22126436781609193, 0.5699712643678161, 0.20876436781609192], [0.27498798076923076, 0.47375, 0.25126201923076924], [0.19762235884965548, 0.6823537313495197, 0.12002390980082478], [0.305, 0.37375, 0.32125], [0.2675, 0.54875, 0.18375], [0.32125, 0.42125, 0.2575], [0.22751524390243902, 0.589984756097561, 0.1825], [0.49625, 0.18625, 0.3175], [0.3525, 0.3525, 0.295], [0.27375, 0.5375, 0.18875], [0.48625, 0.14625, 0.3675], [0.3925, 0.35125, 0.25625], [0.4598525460767041, 0.2462579617834395, 0.2938894921398564], [0.43125, 0.29125, 0.2775], [0.31625, 0.385, 0.29875], [0.33752862595419847, 0.4574618320610687, 0.2050095419847328], [0.2325245098039216, 0.6337193627450981, 0.1337561274509804], [0.27375, 0.4875, 0.23875], [0.45118143459915616, 0.26751054852320677, 0.2813080168776371], [0.34375, 0.3775, 0.27875], [0.395, 0.26869565217391306, 0.336304347826087], [0.2950675675675676, 0.4449324324324324, 0.26], [0.41875, 0.28375, 0.2975], [0.30129464285714286, 0.40745535714285713, 0.29125], [0.41625, 0.34625, 0.2375], [0.425, 0.22, 0.355], [0.32375, 0.38, 0.29625], [0.31625, 0.3425, 0.34125], [0.36869791666666674, 0.39501041666666664, 0.23629166666666668], [0.39720833333333333, 0.3562916666666666, 0.2465], [0.34375, 0.44625, 0.21], [0.29875, 0.4525, 0.24875], [0.48493901626233005, 0.19878049186883498, 0.316280491868835], [0.4525, 0.28125, 0.26625], [0.3275286259541985, 0.3949618320610687, 0.2775095419847328], [0.31383333333333335, 0.4711666666666667, 0.215], [0.4216666666666667, 0.275, 0.30333333333333334], [0.2625, 0.485, 0.2525], [0.59, 0.17875, 0.23125], [0.49625, 0.235, 0.26875], [0.5113541666666667, 0.15125, 0.3373958333333333], [0.38625, 0.42625, 0.1875], [0.3013913322135785, 0.45985247966760967, 0.23875618811881189], [0.3837745098039215, 0.3349693627450981, 0.2812561274509804], [0.43875, 0.32375, 0.2375], [0.28625, 0.495, 0.21875], [0.3875, 0.3075, 0.305], [0.3834375, 0.38458333333333333, 0.23197916666666668], [0.3975, 0.2675, 0.335], [0.3275, 0.40875, 0.26375], [0.405, 0.20625, 0.38875], [0.34117861233840613, 0.4150257731958763, 0.24379561446571757], [0.30625, 0.385, 0.30875], [0.3075286259541985, 0.4712118320610687, 0.2212595419847328], [0.3212359550561798, 0.3912640449438202, 0.2875], [0.47980375665825625, 0.24505326604990188, 0.2751429772918419], [0.23248595505617978, 0.6137640449438202, 0.15375], [0.45119485294117645, 0.22375, 0.32505514705882355], [0.1425, 0.7599887387387387, 0.09751126126126125], [0.43765625, 0.22375, 0.33859375], [0.35375, 0.37875, 0.2675], [0.33125, 0.44375, 0.225], [0.425, 0.29, 0.285], [0.28752272727272726, 0.508701231060606, 0.20377604166666663], [0.4975, 0.24625, 0.25625], [0.4175, 0.29375, 0.28875], [0.5637279356969347, 0.1562711419337463, 0.280000922369319], [0.3975, 0.38125, 0.22125], [0.25375, 0.5275, 0.21875], [0.36877450980392157, 0.309969362745098, 0.32125612745098037], [0.4892857142857143, 0.26375, 0.2469642857142857], [0.40875, 0.28375, 0.3075], [0.2772846669613911, 0.4961731874447392, 0.22654214559386973], [0.34875, 0.365, 0.28625], [0.39625, 0.2575, 0.34625], [0.498728813559322, 0.1875, 0.313771186440678], [0.36875, 0.33875, 0.2925], [0.3875, 0.36125, 0.25125], [0.30625, 0.44625, 0.2475], [0.25875, 0.54, 0.20125], [0.28625, 0.4225, 0.29125], [0.4187323943661972, 0.2750088028169014, 0.3062588028169014], [0.2925, 0.38, 0.3275], [0.37125, 0.34375, 0.285], [0.37375, 0.33625, 0.29], [0.3625, 0.36875, 0.26875], [0.3312727272727273, 0.42122727272727273, 0.2475], [0.3211111111111111, 0.40878472222222223, 0.2701041666666667], [0.34995652173913044, 0.4200217391304348, 0.23002173913043478], [0.28, 0.52875, 0.19125], [0.36375, 0.2825, 0.35375], [0.28, 0.56, 0.16], [0.245, 0.53625, 0.21875], [0.39125, 0.22125, 0.3875], [0.3749590163934426, 0.3337602459016394, 0.291280737704918], [0.3925, 0.29375, 0.31375], [0.3175, 0.36125, 0.32125], [0.5364212079759441, 0.13292119565217392, 0.3306575963718821], [0.3774823943661972, 0.37125880281690143, 0.2512588028169014], [0.29257352941176473, 0.4024264705882353, 0.305], [0.34625, 0.3225, 0.33125], [0.32648604269293924, 0.462206486042693, 0.2113074712643678], [0.265, 0.50875, 0.22625], [0.43375, 0.245, 0.32125], [0.27125, 0.4125, 0.31625], [0.47125, 0.25125, 0.2775], [0.29125, 0.4425, 0.26625], [0.2938293650793651, 0.558670634920635, 0.1475], [0.42625, 0.28625, 0.2875], [0.3947794117647059, 0.3625, 0.24272058823529413], [0.465, 0.23625, 0.29875], [0.465, 0.21875, 0.31625], [0.315, 0.4175, 0.2675], [0.3000245098039216, 0.49996936274509807, 0.2000061274509804], [0.33077380952380947, 0.4637797619047619, 0.20544642857142859], [0.27629310344827585, 0.48991379310344824, 0.23379310344827586], [0.38377272727272727, 0.24997727272727274, 0.36625], [0.3025, 0.42875, 0.26875], [0.5086650485436893, 0.21875, 0.2725849514563107], [0.22506155812672607, 0.6386583439536373, 0.13628009791963666], [0.36375, 0.2575, 0.